glyphosate_resistance_seau/res/bom_grid_data_1991_to_2020/evapora.asc
ncols         178
nrows         142
xllcorner     111.875
yllcorner     -44.625
cellsize      0.25
NODATA_value  -9999
[rows 60 to 89 of 142, columns 68 to 135 of 178]
3406.27 3386.48 3364.76 3340.91 3314.6 3285.74 3254.69 3222.44 3190.55 3160.75 3134.44 3112.39 3094.6 3080.54 3069.41 3060.46 3053.52 3049.69 3048.6 3049.11 3050.84 3053.83 3058.67 3066.61 3078.5 3093.33 3111.08 3132.08 3156.3 3183 3210.74 3237.56 3261.47 3280.93 3295.01 3303.46 3306.45 3304.52 3298.44 3289.22 3278.01 3265.85 3253.48 3241.12 3228.49 3214.99 3199.97 3182.93 3163.61 3141.97 3118.25 3093.05 3067.68 3044.41 3026.56 3017.98 3021.7 3037.02 3053.82 3056.36 3041.06 3004.88 2943.13 2851.55 2729.79 2588.7 2451.12 2335.26
3424.62 3406.39 3385.75 3362.88 3337.4 3309.01 3277.84 3244.6 3210.76 3178.16 3148.56 3123.13 3102.23 3085.58 3072.49 3062.22 3054.29 3048.76 3046.03 3045.79 3047.32 3050.66 3056.67 3066.02 3078.53 3094.16 3113.29 3136.22 3162.8 3192.09 3222.4 3251.49 3277.21 3297.87 3312.45 3320.56 3322.29 3318.19 3309.26 3297.01 3283.27 3269.78 3257.62 3246.91 3236.81 3225.96 3213.03 3197.08 3177.72 3155 3129.29 3101.34 3072.46 3044.75 3020.46 3002.02 2991.4 2988.76 2990.34 2986.39 2968.79 2929.67 2863.19 2767.41 2645.89 2513.01 2392.71 2292.09
3436.26 3420.3 3401.03 3379.31 3354.98 3327.54 3296.85 3263.39 3228.4 3193.79 3161.52 3133.11 3109.34 3090.21 3075.2 3063.64 3054.92 3048.74 3045.07 3043.95 3045.34 3049.32 3056.14 3066.03 3079.18 3095.98 3116.92 3142.26 3171.61 3203.79 3236.75 3268.04 3295.28 3316.66 3331.04 3337.82 3336.92 3328.82 3314.86 3297.33 3279.2 3263.28 3251.29 3243.22 3237.36 3231.13 3222.08 3208.55 3189.91 3166.32 3138.44 3107.38 3075.16 3044.18 3014.67 2987.15 2963.3 2944.96 2931.4 2913.96 2886.37 2842.51 2777.45 2688.85 2579.18 2463.54 2362.22 2274.43
3442.27 3428.29 3410.52 3390.23 3367.31 3341.15 3311.39 3278.29 3242.89 3206.95 3172.58 3141.61 3115.2 3093.66 3076.73 3063.79 3054.21 3047.57 3043.62 3042.3 3043.67 3047.85 3055.04 3065.51 3079.74 3098.29 3121.65 3149.94 3182.52 3217.82 3253.44 3286.66 3315 3336.54 3349.95 3354.39 3349.45 3335.55 3314.42 3289.95 3268.38 3250.91 3238.95 3232.46 3230.19 3230.18 3226.87 3217.19 3200.19 3176.2 3146.32 3112.59 3078.91 3045.66 3012.1 2978.55 2945.97 2915.67 2888.27 2860.33 2825.39 2779.3 2718.51 2640.49 2546.56 2450.81 2366.58 2289.23
3442.99 3430.39 3414.25 3395.63 3374.31 3349.64 3321.16 3288.89 3253.6 3216.94 3180.99 3147.86 3119.03 3095.16 3076.24 3061.77 3051.16 3043.91 3039.67 3038.29 3039.78 3044.28 3052.1 3063.7 3079.66 3100.67 3127.13 3158.96 3195.15 3233.66 3271.76 3306.53 3335.44 3356.56 3368.42 3369.82 3360.01 3339.26 3310.51 3283.53 3269.42 3257.46 3244.77 3231.92 3223.26 3225.95 3228.89 3223.93 3209.18 3185.23 3153.76 3117.95 3083.08 3047.43 3010.8 2973.48 2935.88 2898.62 2862.1 2825.55 2786.2 2740.63 2686.39 2621.62 2547.33 2473.65 2405.62 2339.15
3438.33 3426.68 3412.25 3395.44 3375.85 3352.83 3325.83 3294.67 3259.85 3222.56 3185.45 3150.72 3119.9 3093.87 3072.9 3056.78 3044.96 3036.94 3032.32 3030.89 3032.66 3037.82 3046.8 3060.16 3078.63 3102.86 3133.14 3169.02 3209.01 3250.61 3290.76 3326.52 3355.46 3375.75 3385.84 3384.25 3369.86 3343.06 3311.64 3295.97 3286.65 3276.09 3263.15 3248.05 3232.98 3226.25 3231.73 3230.88 3218.13 3194.23 3161.46 3123.71 3086.53 3048.28 3008.98 2968.88 2928.2 2887.21 2845.99 2804.33 2761.81 2717.79 2671.58 2622.38 2570.75 2519.33 2468.48 2417.34
3427.57 3417.19 3404.6 3389.64 3371.82 3350.48 3324.91 3294.4 3259.1 3220.19 3182.36 3147.51 3116.24 3088.97 3066.28 3048.53 3035.34 3026.32 3021.14 3019.68 3021.98 3028.26 3038.99 3054.88 3076.67 3104.93 3139.66 3179.9 3223.61 3267.82 3309.36 3345.39 3373.85 3393.13 3401.75 3398.07 3380.75 3351.37 3323.25 3313.34 3305.66 3295.64 3282.92 3267.58 3250.4 3236.55 3240.4 3240.93 3228.67 3204.04 3169.66 3129.34 3088.76 3047.7 3005.84 2963.35 2920.37 2877.08 2833.42 2789.52 2745.96 2703.85 2664.57 2629.14 2597.22 2566.96 2536.76 2506.19
3410.83 3402.21 3391.44 3378.21 3362.04 3342.09 3316.5 3283.31 3244.61 3205.84 3169.37 3135.9 3105.77 3079.25 3056.6 3038.02 3023.53 3013.2 3007.1 3005.47 3008.47 3016.14 3028.98 3047.72 3073.01 3105.37 3144.68 3189.71 3237.94 3284.42 3326.41 3361.9 3389.38 3407.67 3415.48 3411.27 3393.7 3364.51 3337.6 3329.06 3322.39 3313.35 3301.62 3287.3 3270.96 3256.65 3258.48 3257.06 3242.52 3215.42 3178.64 3135.53 3090.2 3045.56 3000.99 2956.17 2911.13 2865.92 2820.55 2775.37 2731.42 2690.62 2655.46 2628.6 2610.78 2599.81 2593.06 2587.26
3389.09 3382.06 3372.84 3361.1 3346.07 3325.27 3295.06 3257.88 3219.52 3182.66 3148.08 3116.25 3087.52 3062.17 3040.39 3022.35 3008.19 2998.08 2992.19 2990.76 2994.07 3002.38 3016.17 3036.01 3062.58 3096.62 3138.79 3189.6 3246.98 3299.01 3340.96 3374.94 3400.93 3418.23 3425.99 3422.94 3407.98 3381.58 3352.67 3342.85 3337.45 3330.55 3321.51 3310.54 3298.16 3287.82 3288.89 3282.05 3261.58 3229.31 3188.37 3141.87 3092.46 3042.52 2994.13 2946.39 2899.18 2852.22 2805.42 2759.15 2714.96 2674.89 2641.29 2618.39 2608.98 2612.21 2625.56 2638.4
3362.75 3356.91 3348.85 3337.9 3321.15 3294.07 3259.44 3222.74 3186.54 3151.76 3118.97 3088.64 3061.16 3036.84 3015.92 2998.61 2985.09 2975.56 2970.23 2969.35 2973.22 2982.21 2996.8 3017.58 3045.26 3080.68 3124.74 3178.44 3241.97 3307.26 3351.84 3383.69 3407.56 3423.77 3431.91 3431.2 3420.98 3401.55 3377.15 3360.64 3355.51 3353.21 3350.4 3346.94 3343.34 3340.78 3336.06 3318.93 3288.32 3247.23 3199.3 3147.57 3094.08 3040 2986.17 2933.36 2883.26 2834.81 2787.02 2740.17 2696.5 2656.77 2623.35 2600.99 2594.94 2605.04 2628.13 2649.81
3331.99 3326.86 3319.14 3305.56 3281.08 3249.51 3215.36 3180.77 3146.63 3113.65 3082.37 3053.28 3026.82 3003.34 2983.14 2966.49 2953.61 2944.76 2940.17 2940.13 2944.96 2955.04 2970.87 2993.07 3022.37 3059.63 3105.81 3161.96 3229.04 3302.4 3356.96 3387.67 3408.67 3423.39 3431.9 3433.92 3429.32 3418.78 3404.77 3392.4 3387.5 3393.02 3401.65 3410.48 3417.89 3417.39 3402.5 3371.08 3325.75 3271.31 3212.48 3152.54 3093.05 3034.22 2975.59 2917.34 2862.57 2812.77 2764.75 2717.94 2674.39 2634.67 2601.01 2578.18 2571.9 2582.3 2604.39 2624.97
3296.94 3291.46 3280.55 3258.14 3229.67 3198.55 3166.2 3133.41 3100.88 3069.26 3039.1 3010.95 2985.25 2962.45 2942.9 2926.94 2914.84 2906.9 2903.4 2904.64 2910.95 2922.73 2940.45 2964.74 2996.29 3035.98 3084.77 3143.71 3213.84 3292.47 3357.61 3386.61 3403.98 3416.68 3425.08 3429.42 3430.16 3428.56 3427.1 3429.41 3439.17 3458.33 3482.2 3501.9 3514.83 3511.97 3488.09 3440.4 3375.81 3302.98 3228.7 3156.95 3088.85 3023.56 2959.45 2895.86 2836.57 2785.83 2738.02 2691.67 2647.86 2608 2573.96 2550.32 2541.66 2549.16 2566.37 2579.41
3257.39 3247.67 3228.18 3202.87 3174.8 3144.91 3113.86 3082.25 3050.75 3020 2990.58 2963.05 2937.95 2915.76 2896.92 2881.84 2870.84 2864.27 2862.42 2865.61 2874.16 2888.45 2908.92 2936.13 2970.74 3013.57 3065.51 3127.56 3200.78 3283.38 3354.53 3380.32 3393.5 3403.56 3411.13 3416.9 3421.94 3428.25 3438.96 3457.82 3487.68 3527.67 3567.33 3587.76 3595.18 3591.43 3571.47 3516.64 3435.15 3340.57 3246.87 3160.15 3081.19 3007.94 2937.39 2868.36 2806.21 2754.65 2706.68 2660.63 2617.16 2577.33 2542.8 2516.99 2504.64 2508.24 2520.71 2527.39
3212.53 3195.55 3173 3147.63 3120.04 3090.74 3060.25 3029.16 2998.11 2967.77 2938.74 2911.64 2887.09 2865.62 2847.76 2833.97 2824.63 2820.11 2820.74 2826.8 2838.6 2856.44 2880.71 2911.89 2950.53 2997.31 3053.03 3118.6 3194.97 3279.4 3347.47 3368.07 3376.87 3383.9 3389.98 3396.16 3404.13 3416.73 3437.97 3472.21 3522.13 3581.83 3623.16 3632.59 3628.94 3617 3595.88 3557.97 3485.99 3376.24 3262.42 3159.61 3069.06 2987.47 2910.42 2836.43 2773.16 2720.59 2671.73 2625.45 2582.17 2542.39 2507.14 2478.62 2461.53 2458.71 2460.12 2455.09
3164.51 3144.74 3121.22 3095.38 3067.5 3037.99 3007.35 2976.17 2945.09 2914.8 2885.97 2859.29 2835.42 2815 2798.61 2786.76 2779.9 2778.39 2782.55 2792.64 2808.91 2831.58 2860.93 2897.31 2941.1 2992.81 3053.04 3122.56 3202.08 3284.67 3335.23 3348.19 3353.07 3357.13 3361.35 3367.09 3376.57 3393.38 3422.4 3468.72 3535.15 3608.07 3634.76 3633.55 3623.06 3605.85 3581.9 3549.99 3498.24 3394.64 3267.31 3150.87 3050.61 2962.23 2880.08 2802.45 2738.77 2685.21 2636.01 2590.03 2546.39 2505.46 2469.18 2437.91 2415.38 2404.21 2393.92 2378.01
3120.25 3099.73 3074.91 3047.84 3018.9 2988.46 2957.07 2925.31 2893.85 2863.44 2834.8 2808.72 2785.92 2767.11 2752.93 2743.94 2740.6 2743.27 2752.25 2767.73 2789.89 2818.88 2854.79 2897.77 2948 3005.74 3071.36 3145.2 3225.16 3293.24 3313.95 3318.29 3320.3 3321.97 3324.37 3329.1 3338.73 3357.32 3390.29 3443.19 3518.93 3598.48 3612.58 3605.58 3592.47 3573.78 3549.23 3518.23 3473.61 3384.47 3252.57 3128.92 3023.69 2932.09 2847.86 2768.76 2703.9 2649.76 2600.78 2554.94 2511.15 2469.6 2431.98 2398.27 2372.51 2356.11 2338.1 2315.14
3078.8 3060.73 3035.13 3006.26 2975.62 2943.72 2911.1 2878.43 2846.42 2815.9 2787.67 2762.6 2741.47 2725.06 2714.05 2709.03 2710.44 2718.64 2733.86 2756.29 2785.97 2822.89 2866.96 2918.1 2976.2 3041.21 3111.84 3182.09 3244.34 3268.62 3274.32 3276.04 3276.48 3276.6 3277.53 3280.96 3289.57 3307.45 3340.02 3392.72 3468.33 3548.61 3566.65 3559.93 3546.68 3528.42 3504.73 3474.89 3431.41 3342.62 3212.39 3090.54 2986.95 2896.98 2814.59 2736.67 2669.25 2614.63 2565.58 2519.87 2476.33 2434.85 2396.49 2361.55 2336.04 2314.77 2290.68 2262.98
3037.07 3024.13 3001.17 2971.29 2938.62 2904.86 2870.74 2837.01 2804.49 2774.09 2746.69 2723.23 2704.58 2691.54 2684.82 2685 2692.52 2707.71 2730.77 2761.79 2800.67 2847.23 2901.17 2961.57 3025.15 3089.96 3152.37 3187.29 3207.25 3215.49 3219.23 3220.66 3220.54 3219.77 3219.51 3221.41 3228 3243 3271.24 3317.48 3384.07 3459.76 3499.22 3500.54 3489.08 3472.25 3450.21 3421.06 3371.19 3269.35 3147.15 3036.04 2940.62 2857.04 2780.2 2706.43 2637.31 2580.74 2531.23 2485.56 2442.59 2401.62 2362.91 2328.77 2301.59 2273.73 2243.19 2211.28
2996.02 2984.44 2967.86 2941.44 2908.11 2872.46 2836.76 2802.05 2769.27 2739.4 2713.45 2692.39 2677.16 2668.57 2667.34 2674.05 2689.12 2712.85 2745.36 2786.62 2836 2890.81 2948.53 3008.86 3058.45 3089.35 3114.07 3130.31 3141.11 3148.49 3152.85 3154.54 3154.13 3152.45 3150.67 3150.41 3153.94 3164.37 3185.57 3221.2 3272.99 3337.07 3394.87 3417.08 3414.16 3400.75 3378.69 3342.75 3270.15 3167.66 3063.27 2969.19 2886.6 2812.78 2744.03 2677.57 2612.87 2552.93 2500.67 2454.91 2411.95 2370.79 2333.42 2298.74 2263.39 2225.49 2186.54 2149.46
2957.05 2944.79 2929.92 2910.31 2881.73 2846.34 2809.44 2774.03 2741.41 2712.68 2688.92 2671.17 2660.39 2657.4 2662.92 2677.52 2701.59 2735.15 2776.57 2822.95 2874.7 2921.11 2952.37 2980.47 3005.25 3024.71 3041.56 3056.2 3068.25 3077.27 3082.87 3084.9 3083.62 3079.87 3075.01 3070.86 3069.63 3073.92 3086.55 3110.01 3145.29 3190.25 3237.63 3273.67 3291.07 3286.07 3256.75 3204.92 3132.74 3050.77 2970.01 2895.38 2827.59 2765 2705.4 2647.17 2589.93 2534.6 2483.07 2436 2392.4 2350.63 2308.81 2264.44 2215.87 2164.28 2113.61 2069.4
2920.08 2907.16 2891.76 2873.91 2852.13 2823.25 2788.21 2752.88 2721.02 2694.15 2673.44 2659.98 2654.7 2658.49 2672.03 2695.04 2724.65 2761.74 2799.28 2824.19 2847.95 2871.07 2891.14 2910.56 2929.82 2948.8 2967.36 2985.11 3001.19 3014.25 3022.74 3025.45 3022.09 3013.63 3002.13 2990.3 2980.97 2976.66 2979.48 2990.85 3010.93 3037.95 3067.53 3093.1 3107.33 3104.42 3082.2 3042.73 2991.24 2933.92 2875.81 2819.7 2766.21 2714.67 2664.05 2613.72 2563.72 2514.65 2467.21 2421.57 2376.78 2330.61 2280.12 2222.85 2158.61 2091.91 2030.27 1979.85
2884.48 2871.35 2855.54 2837.34 2817.18 2794.76 2768.45 2736.93 2707.52 2683.48 2666.73 2658.54 2659.45 2668.51 2686.49 2710.56 2726.02 2740.65 2756.45 2770.68 2785.68 2801.87 2819.06 2837.34 2857.05 2878.76 2902.8 2928.67 2954.51 2977.1 2992.49 2997.34 2990.25 2972.58 2948.06 2921.63 2897.98 2880.55 2871.25 2870.58 2877.82 2891.07 2907.12 2921.74 2930.38 2929.43 2917.17 2894.23 2862.94 2826.31 2786.9 2746.27 2705.02 2663.13 2620.49 2577.16 2533.45 2489.82 2446.44 2402.75 2357.07 2306.57 2247.92 2178.49 2100.64 2029.96 1974.34 1928.53
2849.64 2836.86 2821.11 2802.7 2782.35 2761.1 2739.71 2718.07 2695.91 2676.41 2663.97 2660.14 2663.75 2666.92 2670.94 2677.17 2682.82 2689.64 2698.37 2708.88 2721.04 2734.79 2750.48 2769 2791.82 2820.72 2856.88 2899.59 2945.21 2987.02 3016.66 3026.79 3014.04 2980.53 2933.22 2881.37 2833.53 2795.49 2769.63 2755.66 2751.67 2755 2762.69 2771.66 2778.97 2782.13 2779.51 2770.49 2755.24 2734.47 2709.06 2679.85 2647.58 2612.89 2576.39 2538.62 2500.06 2461.01 2421.27 2379.85 2334.6 2282.3 2219.17 2142.82 2062.01 1999.37 1941.68 1899.23
2815.41 2803.46 2788.22 2769.97 2749.51 2728.13 2707.26 2688.08 2670.94 2656.69 2646.15 2639.24 2635.29 2632.38 2630.7 2630.75 2632.73 2636.67 2642.52 2650.19 2659.71 2671.49 2686.67 2707.45 2737.12 2779.41 2836.85 2908.43 2987.6 3062.05 3116.25 3136.44 3115.97 3058.28 2975.57 2884.25 2799.32 2730.59 2681.71 2651.57 2636.57 2632.61 2636.1 2644.17 2654.48 2664.86 2673.21 2677.45 2675.82 2667.12 2651.11 2628.45 2600.53 2569.01 2535.37 2500.69 2465.55 2430.06 2393.8 2355.57 2313.2 2263.53 2202.73 2130.3 2060.67 1999.4 1942.58 1906.74
2782.58 2771.39 2756.9 2739 2718.62 2697.17 2676.14 2656.85 2640.1 2626.17 2614.83 2605.65 2598.26 2592.48 2588.32 2585.91 2585.35 2586.68 2589.85 2594.88 2602.08 2612.43 2628.2 2653.42 2693.86 2755.96 2844.09 2956.87 3082.82 3196.09 3268.05 3293.74 3267.64 3192.72 3076.74 2934.56 2799.66 2690.12 2611.5 2561.78 2535.23 2525.73 2528.48 2540.28 2558.74 2581.37 2604.82 2624.86 2637.15 2638.38 2627.3 2605.11 2574.79 2539.92 2503.57 2467.67 2432.96 2399.35 2366.16 2332.26 2295.92 2254.7 2205.48 2147.89 2093 2035.72 1979.16 1942.7
2752.96 2741.45 2727.47 2709.87 2689.55 2668.04 2646.86 2627.28 2610.02 2595.19 2582.52 2571.65 2562.3 2554.42 2548.12 2543.52 2540.74 2539.76 2540.55 2543.25 2548.48 2557.92 2575.14 2606.25 2659.88 2745.58 2869.93 3029.51 3195.28 3304.37 3326.83 3322.58 3305.35 3270.39 3183.84 3013.77 2825.78 2669.82 2557.77 2486.72 2448.72 2435.52 2441.1 2461.85 2495.19 2537.71 2583.86 2625.95 2655.63 2666.36 2655.81 2626.48 2584.44 2536.78 2489.33 2445.52 2406.44 2371.7 2340.34 2311.36 2283.88 2256.79 2228.36 2195.87 2156.66 2110.2 2059.18 2016.88
2727.65 2714.59 2700.34 2682.66 2662.2 2640.51 2619.11 2599.18 2581.31 2565.49 2551.47 2538.95 2527.8 2518.06 2509.92 2503.51 2498.89 2496.01 2494.87 2495.72 2499.5 2508.52 2527.49 2564.37 2630.38 2737.89 2895.52 3088.69 3233.1 3271.53 3269.37 3257.33 3240.92 3218.45 3176.44 3064.83 2853.79 2657.01 2514.28 2423.95 2376.45 2362.15 2374.52 2410.08 2466.22 2538.34 2617.76 2690.57 2738.55 2755.24 2741.8 2702.04 2641.21 2569.88 2500.92 2440.63 2390.67 2350.31 2318.13 2293.28 2275.81 2266.26 2264.59 2263.56 2239.64 2209.1 2176.62 2143.12
2704.23 2690.64 2675.68 2657.34 2636.38 2614.31 2592.56 2572.19 2553.6 2536.72 2521.33 2507.24 2494.45 2483.14 2473.51 2465.67 2459.61 2455.25 2452.72 2452.54 2455.9 2465.37 2486.1 2527 2600.73 2721.35 2897.57 3093.38 3176.48 3191.76 3186.6 3173.02 3154.86 3131.79 3098.96 3031.57 2849.98 2636.27 2473.29 2370.07 2316.93 2304.5 2327.12 2382.46 2468.47 2578.7 2695.15 2788.17 2831.76 2836.07 2819.43 2784.03 2717.98 2628.59 2539.91 2456.84 2389.22 2337.88 2300.9 2277.46 2268.43 2275.81 2300.84 2330.28 2321.19 2308.67 2296.22 2275.35
2682.84 2669.35 2653.15 2633.62 2611.81 2589.14 2566.91 2545.95 2526.53 2508.51 2491.75 2476.19 2461.96 2449.34 2438.52 2429.5 2421.96 2415.53 2411.22 2410.55 2415.13 2427.13 2451.07 2495.19 2570.46 2690.45 2857.34 3015.2 3077.44 3097.92 3097.4 3083.97 3062.27 3031.83 2988.26 2924.73 2795.52 2597.32 2431.14 2323.66 2268.94 2260.08 2293.97 2370.51 2488.87 2634.38 2750.46 2800.65 2820.66 2818.19 2794.5 2751.81 2695.93 2635.97 2571.71 2481.58 2400.15 2334.84 2288.81 2262.54 2257.5 2276.67 2321.73 2374.03 2379.44 2382.21 2374.35 2351.58
2664.85 2650.14 2632 2610.93 2588.05 2564.64 2541.8 2520.14 2499.77 -9999 2462.43 2445.47 2429.96 2416.22 2404.34 2393.84 2383.18 2371.17 2361.94 2359.26 2365.1 2382.06 2412.59 2462.25 2534.44 2638.29 2770.58 2879.38 2945.83 2981.41 2991.69 2979.74 2950.84 2905.05 2841.6 2763.56 2663.27 2524.48 2384.13 2285.6 2232.13 2225.26 2266.98 2360.13 2502.8 2655.95 2728.42 2767.24 2777.96 2768.95 2743.82 2692.33 2623.34 2560.39 2508.63 2458.67 2402.29 2335.48 2279.56 2246.25 2239.2 2261.83 2316.3 2382.96 2398.45 2408.73 2400.1 2377.3
