glyphosate_resistance_seau/res/bom_grid_data_1991_to_2020/evapora.asc
ncols         178
nrows         142
xllcorner     111.875
yllcorner     -44.625
cellsize      0.25
NODATA_value  -9999
[rows 60 to 89 of 142, columns 0 to 67 of 178]
-9999 -9999 -9999 -9999 -9999 -9999 2725.05 2749.2 2777.38 2811.8 2861.57 2921.92 2982.11 3038.96 3092.71 3144.81 3197.24 3251.79 3309.42 3369.52 3429.23 3482.86 3522.41 3545.8 3553.95 3550.04 3540.87 3534.26 3534.48 3542.87 3559 3581.7 3609.85 3642.69 3679.75 3720.54 3764.28 3809.75 3855.28 3898.89 3938.29 3970.14 3988.76 3981.82 3962.52 3934.04 3900.16 3862.89 3823.84 3784.77 3747.39 3713.34 3683.97 3660.28 3642.88 3630.01 3611.97 3586.03 3562.22 3542.09 3524.83 3509.69 3495.96 3482.73 3469.3 3455.09 3440.21 3424.13
-9999 -9999 -9999 -9999 -9999 -9999 2685.71 2709.93 2736.99 2767.72 2808.57 2872.68 2940.32 3003.66 3062.46 3118.05 3172.03 3225.68 3279.55 3333.11 3384.57 3430.99 3469.08 3496.61 3513.69 3523.01 3528.64 3534.5 3543.33 3556.45 3574.08 3595.88 3621.42 3650.37 3682.44 3717.28 3754.25 3792.36 3830.2 3865.89 3894.83 3906.98 3900.77 3884.42 3863.31 3838.52 3810.68 3780.73 3749.88 3719.52 3691.07 3665.87 3645.08 3629.57 3619.81 3612.49 3594.61 3572.88 3553.84 3537.88 3524.39 3512.74 3502.01 3490.75 3478.88 3466.59 3453.74 3439.97
-9999 -9999 -9999 -9999 -9999 -9999 -9999 2672.74 2699.82 2730.36 2768.74 2830.55 2902.2 2970.44 3033.47 3092.49 3148.81 3203.32 3256.26 3307.26 3355.35 3399.14 3437.14 3468.43 3493.05 3512.18 3527.73 3541.77 3556.02 3571.68 3589.41 3609.49 3631.97 3656.77 3683.66 3712.3 3742.1 3772.2 3801.46 3826.82 3837.62 3828.46 3812.55 3794.88 3775.5 3754.3 3731.52 3707.74 3683.82 3660.8 3639.82 3621.99 3608.29 3599.48 3595.49 3590.89 3573.65 3555.89 3541.11 3528.96 3518.94 3510.42 3502.08 3492.6 3482.68 3472.38 3461.44 3449.56
-9999 -9999 -9999 -9999 -9999 -9999 -9999 2636.85 2664.1 2695.06 2734.14 2797.03 2870.52 2941.11 3006.82 3068.63 3127.54 3184.04 3238.15 3289.59 3337.94 3382.69 3423.34 3459.42 3490.65 3517.07 3539.11 3557.62 3573.8 3589.01 3604.5 3621.18 3639.51 3659.53 3680.94 3703.2 3725.65 3747.45 3767.66 3781.69 3774.46 3755.78 3736.83 3718.74 3700.79 3682.57 3663.99 3645.29 3627.01 3609.89 3594.83 3582.75 3574.47 3570.67 3569.96 3563.55 3549.01 3535.35 3524.3 3515.47 3508.5 3502.74 3496.58 3489.22 3481.39 3473.06 3463.97 3453.84
-9999 -9999 -9999 -9999 -9999 -9999 -9999 -9999 2630.25 2662.24 2705.3 2773.1 2846.23 2916.4 2982.92 3046.43 3107.49 3166.26 3222.57 3276.22 3327.2 3375.58 3421.3 3463.84 3502.21 3535.15 3561.7 3581.81 3596.55 3607.92 3618.16 3629.08 3641.63 3655.91 3671.38 3687.16 3702.33 3715.98 3727.31 3732.41 3718.27 3695.54 3674.62 3656.31 3639.66 3623.97 3608.85 3594.23 3580.35 3567.71 3557 3548.98 3544.38 3543.55 3543.21 3533.63 3521.7 3511.63 3503.71 3497.68 3493.25 3489.85 3486.14 3480.98 3475.17 3468.75 3461.45 3453
-9999 -9999 -9999 -9999 2518.39 -9999 -9999 -9999 2601.25 2637.96 2692.23 2759.24 2828.22 2895.72 2961.32 3025.22 3087.51 3148.03 3206.53 3263.04 3317.98 3371.88 3424.87 3475.98 3523 3562.94 3593.21 3612.84 3623.12 3627.19 3628.84 3631.23 3636.02 3643.38 3652.39 3661.7 3669.94 3676.04 3679.32 3678.41 3667.67 3645.94 3625.25 3607.34 3592.03 3578.58 3566.31 3554.87 3544.26 3534.76 3526.89 3521.18 3517.84 3516.08 3510.73 3501.18 3492.22 3485.09 3479.74 3475.98 3473.55 3472.09 3470.75 3467.96 3464.15 3459.52 3453.91 3447.05
-9999 -9999 -9999 -9999 2514.83 -9999 2531.35 -9999 -9999 2634.38 2689.78 2750.89 2814.02 2877.53 2940.87 3003.81 3066.06 3127.23 3187.18 3246.31 3305.62 3366.14 3428.03 3489.23 3544.25 3588.32 3620.25 3639.12 3646.04 3643.18 3633.93 3625.34 3620.63 3620.07 3622.31 3625.35 3627.31 3626.88 3623.5 3617.08 3607.4 3594.41 3580.16 3564.55 3551.15 3540 3530.3 3521.52 3513.44 3506.14 3499.9 3494.73 3488.93 3481.99 3474.43 3467.08 3460.91 3456.17 3452.85 3450.85 3449.96 3449.87 3450.1 3449.77 3448.08 3445.16 3441.1 3435.55
-9999 -9999 -9999 -9999 -9999 -9999 -9999 -9999 -9999 2640 2689.54 2743.79 2800.94 2859.88 2919.95 2980.64 3041.38 3101.75 3161.88 3222.7 3285.86 3352.92 3423.76 3492.3 3543.37 3576.14 3602.08 3623.69 3640.18 3644.22 3628.29 3608.34 3593.51 3584.86 3580.55 3577.92 3574.58 3569 3560.68 3549.94 3537.67 3524.96 3512.54 3500.87 3490.97 3482.86 3476.17 3470.5 3465.48 3460.84 3456.37 3451.91 3447.03 3441.74 3436.58 3431.94 3428.1 3425.28 3423.55 3422.87 3423.11 3423.99 3425.13 3425.99 3425.96 3424.71 3421.93 3417.39
-9999 -9999 -9999 -9999 -9999 2530.72 -9999 -9999 -9999 2643.09 2686.91 2735.15 2786.75 2840.87 2896.84 2954 3011.72 3069.72 3128.45 3189.41 3254.85 3326.79 3403.32 3468.81 3506.4 3533.56 3557.63 3579.43 3598.89 3611.74 3603.42 3576.37 3552.76 3537.18 3527.41 3520.27 3512.98 3503.84 3492.42 3479.25 3465.4 3452.08 3440.2 3430.32 3422.61 3416.91 3412.92 3410.23 3408.39 3407.01 3405.73 3404.28 3402.51 3400.42 3398.14 3395.92 3394.04 3392.77 3392.26 3392.56 3393.59 3395.13 3396.84 3398.33 3399.17 3398.98 3397.38 3394.14
-9999 -9999 -9999 -9999 -9999 -9999 2551.85 -9999 2606.4 2641.14 2680.38 2723.51 2769.9 2818.93 2870 2922.45 2975.76 3029.84 3085.5 3144.6 3209.77 3283.28 3360.66 3417.7 3450.25 3476.17 3499.69 3521.01 3540.26 3555.91 3556.14 3525.89 3496.99 3477.13 3463.94 3453.99 3444.35 3433.31 3420.55 3406.72 3392.95 3380.39 3369.83 3361.68 3355.99 3352.55 3351.01 3350.97 3351.98 3353.6 3355.4 3357.04 3358.26 3358.96 3359.17 3359.06 3358.88 3358.9 3359.35 3360.35 3361.88 3363.8 3365.84 3367.73 3369.11 3369.6 3368.88 3366.67
-9999 -9999 -9999 -9999 -9999 -9999 -9999 2574.56 2602.71 2634.56 2669.9 2708.37 2749.57 2793.09 2838.44 2885.17 2932.92 2981.84 3032.87 3088 3149.87 3220.67 3295.91 3351.47 3383.03 3408.28 3431.32 3452.3 3471.28 3486.56 3486.14 3455.57 3426.27 3405.78 3391.82 3381.08 3370.78 3359.44 3346.88 3333.81 3321.32 3310.42 3301.76 3295.62 3291.96 3290.61 3291.26 3293.57 3297.1 3301.39 3305.93 3310.29 3314.13 3317.26 3319.64 3321.38 3322.67 3323.8 3325.01 3326.49 3328.29 3330.34 3332.52 3334.58 3336.2 3337.06 3336.82 3335.22
-9999 -9999 -9999 -9999 -9999 -9999 -9999 -9999 2595.09 2624.34 2656.08 2689.99 2725.79 2763.25 2802.16 2842.33 2883.69 2926.54 2971.79 3021.22 3077.1 3141.25 3211.54 3272.33 3306.73 3331.91 3354.65 3375.48 3394.07 3405.69 3395.76 3367.79 3342.89 3325.38 3313.26 3303.67 3294.33 3284.1 3272.97 3261.71 3251.29 3242.55 3235.99 3231.8 3229.96 3230.39 3232.91 3237.27 3243.09 3249.84 3256.92 3263.78 3269.99 3275.27 3279.54 3282.88 3285.45 3287.52 3289.35 3291.14 3293.03 3295.05 3297.13 3299.09 3300.66 3301.54 3301.41 3299.99
-9999 -9999 -9999 -9999 -9999 -9999 -9999 -9999 2584.56 2611.6 2640.06 2669.47 2699.59 2730.44 2762.2 2795.14 2829.55 2865.83 2904.75 2947.59 2995.98 3051.11 3112.32 3173.05 3217.95 3247.13 3270.7 3290.6 3305.48 3307.06 3289.74 3268.32 3251.14 3239.18 3230.85 3223.96 3216.85 3208.81 3200.04 3191.29 3183.39 3177.02 3172.52 3170.06 3169.76 3171.83 3176.12 3182.29 3190.01 3198.79 3208.24 3217.45 3225.82 3233.01 3238.92 3243.61 3247.25 3250.1 3252.4 3254.37 3256.24 3258.09 3259.89 3261.51 3262.74 3263.3 3262.93 3261.26
-9999 -9999 -9999 -9999 -9999 -9999 -9999 -9999 -9999 2597.54 2623.35 2648.53 2672.8 2696.51 2720.47 2745.59 2772.66 2802.27 2834.99 2871.48 2912.49 2958.41 3008.55 3060.06 3107.03 3144.77 3171.87 3187.24 3191.69 3186.7 3175.53 3164.42 3156.1 3150.75 3147.18 3143.9 3139.88 3134.78 3128.98 3123.17 3118.03 3114.05 3111.5 3110.61 3112.04 3116.59 3123.28 3131.15 3139.76 3149.15 3160.17 3171.45 3181.76 3190.61 3197.89 3203.68 3208.18 3211.62 3214.25 3216.36 3218.14 3219.7 3221.08 3222.19 3222.85 3222.84 3221.88 3219.41
-9999 -9999 -9999 -9999 -9999 -9999 -9999 -9999 -9999 2582.88 2606.68 2627.97 2646.89 2663.21 2678.8 2695.63 2715.24 2738.53 2765.88 2797.32 2832.62 2871.19 2911.83 2952.45 2990.17 3021.88 3045.15 3059.17 3065.13 3065.7 3063.99 3062.44 3062.2 3063.15 3064.42 3065.09 3064.58 3062.88 3060.39 3057.74 3055.44 3053.86 3053.21 3054.12 3058.5 3065.61 3074.11 3083.38 3093.06 3102.99 3113.71 3126.23 3138.11 3148.3 3156.65 3163.29 3168.43 3172.29 3175.19 3177.37 3179.02 3180.27 3181.18 3181.69 3181.65 3180.88 3179.11 3175.21
-9999 -9999 -9999 -9999 -9999 -9999 -9999 -9999 -9999 2563.85 2583.97 2601.17 2617.32 2628.59 2637.48 2646.34 2658.83 2676.7 2700.22 2728.78 2761.08 2795.41 2829.73 2861.98 2890.29 2913.31 2930.54 2942.44 2950.35 2956 2961 2966.36 2972.32 2978.48 2984.13 2988.67 2991.81 2993.66 2994.63 2995.2 2995.78 2996.62 2997.95 3000.92 3007.95 3016.88 3026.75 3037.19 3047.91 3058.64 3069.6 3082.37 3095.22 3106.36 3115.48 3122.71 3128.29 3132.49 3135.61 3137.85 3139.41 3140.4 3140.87 3140.78 3140.02 3138.43 3135.72 3131.01
-9999 -9999 -9999 -9999 -9999 -9999 -9999 -9999 -9999 -9999 2539.89 2553.32 2567.68 2581.68 2592.51 2596.92 2603.8 2617.86 2639.65 2667.94 2700.27 2733.31 2763.33 2789.72 2811.56 2827.81 2838.55 2846.23 2852.92 2860.04 2868.28 2877.7 2887.81 2897.91 2907.3 2915.48 2922.23 2927.66 2932.07 2935.81 2939.2 2942.45 2945.83 2950.63 2959.25 2969.51 2980.52 2991.97 3003.57 3015.07 3026.66 3039.91 3053.33 3065.01 3074.6 3082.23 3088.16 3092.68 3096.02 3098.39 3099.94 3100.78 3100.92 3100.34 3098.94 3096.54 3092.88 3087.62
-9999 -9999 -9999 -9999 -9999 -9999 -9999 -9999 -9999 -9999 -9999 2498.43 2510.64 2524.15 2537.34 2544.66 2549.44 2562.07 2584.54 2614.65 2647.39 2677.66 2700.09 2721.21 2741.97 2757.91 2765.12 2767.54 2770.55 2776.3 2785.08 2796.32 2809.01 2822.12 2834.8 2846.48 2856.84 2865.82 2873.53 2880.22 2886.16 2891.59 2896.82 2902.81 2911.97 2923.11 2935.05 2947.35 2959.72 2971.96 2984.5 2998.74 3012.46 3024.35 3034.2 3042.15 3048.44 3053.31 3056.97 3059.58 3061.26 3062.08 3062.05 3061.13 3059.19 3056.08 3051.54 3045.36
-9999 -9999 -9999 -9999 -9999 -9999 -9999 -9999 -9999 -9999 -9999 2441.24 2451.82 2463.99 2477.67 2489.38 2495.2 2509.27 2534.36 2564.98 2589.8 2608.12 2625.04 2643.69 2664.45 2685.32 2699.88 2700.26 2698.88 2701.79 2709.64 2721.51 2736.01 2751.83 2767.9 2783.39 2797.67 2810.33 2821.17 2830.31 2838.06 2844.9 2851.35 2858.14 2866.6 2877.7 2890.05 2903.01 2916.2 2929.58 2943.91 2958.72 2972.43 2984.38 2994.45 3002.76 3009.49 3014.83 3018.92 3021.9 3023.83 3024.76 3024.67 3023.51 3021.17 3017.48 3012.2 3005.12
-9999 -9999 -9999 -9999 -9999 -9999 -9999 -9999 -9999 -9999 -9999 -9999 2392.65 2404.5 2418.75 2432.78 2442.41 2460.98 2488.84 2513.01 2527.39 2539.1 2554.42 2571.78 2590.71 2612.34 2632.39 2637.55 2633.59 2633.66 2640.36 2652.73 2669.25 2688.43 2708.9 2729.4 2748.65 2765.55 2779.38 2790.04 2798.09 2804.51 2810.45 2816.91 2824.74 2834.55 2846.21 2859.48 2873.9 2889.03 2904.41 2919.29 2932.97 2945.09 2955.56 2964.4 2971.73 2977.65 2982.27 2985.67 2987.89 2988.93 2988.8 2987.44 2984.77 2980.63 2974.79 2967.01
-9999 -9999 -9999 -9999 -9999 -9999 -9999 -9999 -9999 -9999 -9999 -9999 2334.78 2347.91 2363.69 2379.07 2395.83 2421.62 2450.71 2464.86 2472.45 2480.82 2494.02 2509.59 2526.82 2546.97 2568.61 2578.08 2572.52 2570.55 2576.71 2590.29 2609.97 2634.24 2661.42 2689.44 2715.88 2738.33 2755.11 2765.83 2771.52 2774.25 2776.36 2779.74 2785.56 2794.17 2805.41 2818.76 2833.58 2849.16 2864.81 2879.92 2893.99 2906.72 2917.93 2927.57 2935.65 2942.22 2947.34 2951.07 2953.42 2954.41 2954.07 2952.41 2949.39 2944.91 2938.72 2930.54
-9999 -9999 -9999 -9999 -9999 -9999 -9999 -9999 -9999 -9999 -9999 -9999 -9999 2295.01 2313.51 2334.76 2363.32 2396.94 2420.74 2428.77 2431.92 2435.95 2445.38 2458.37 2474.38 2494.34 2515.58 2525.12 2517.53 2513.9 2519.91 2535.54 2560.03 2592.09 2629.56 2669.09 2706.24 2736.42 2756.29 2765.01 2764.51 2758.7 2752.03 2748.03 2748.64 2754.21 2764.06 2777.07 2792.1 2808.17 2824.53 2840.56 2855.75 2869.73 2882.19 2892.94 2901.89 2909.04 2914.44 2918.16 2920.25 2920.77 2919.85 2917.61 2914.14 2909.4 2903.13 2894.97
-9999 -9999 -9999 -9999 -9999 -9999 -9999 -9999 -9999 -9999 -9999 -9999 2219.49 2240.89 2269.5 2306.79 2349.86 2386.47 2402.66 2407.73 2408.7 2409.46 2413.82 2423.6 2439.02 2458.83 2479.12 2487.01 2475.66 2468.66 2473.27 2490.69 2521.21 2563.85 2615.72 2671.45 2723.16 2761.62 2783.87 2790.23 2780.29 2760.4 2739.11 2722.63 2714.13 2714.06 2721.09 2733.22 2748.58 2765.7 2783.59 2801.47 2818.74 2834.8 2849.12 2861.3 2871.15 2878.65 2883.91 2887.06 2888.26 2887.68 2885.6 2882.36 2878.24 2873.29 2867.25 2859.59
-9999 -9999 -9999 -9999 -9999 -9999 -9999 -9999 -9999 -9999 -9999 -9999 2159.7 2194.34 2240.74 2294.25 2341.84 2372.52 2390.78 2399.74 2401.22 2399.73 2400.92 2408.28 2422.12 2440.85 2461.41 2472.26 2457.54 2442.73 2441.51 2457.97 2493.77 2548.22 2616.84 2688.73 2748.05 2784.13 2804.46 2815.74 2804.44 2774.39 2735.05 2701.82 2680.98 2673.15 2676.22 2687.12 2703.03 2721.86 2742.18 2762.98 2783.37 2802.41 2819.22 2833.11 2843.86 2851.39 2855.96 2857.87 2857.47 2855.19 2851.87 2847.84 2843.25 2838.1 2832.07 2824.62
-9999 -9999 -9999 -9999 -9999 -9999 -9999 -9999 -9999 -9999 -9999 -9999 -9999 2161.46 2219.23 2269.97 2312.02 2350.13 2380.93 2398.79 2403.39 2398.78 2395.15 2399.75 2412.47 2430.36 2450.89 2468.06 2463.88 2442.74 2428.87 2438.11 2475.03 2538.99 2620.23 2686.71 2719.38 2740.86 2758.93 2775.08 2785.14 2777.3 2729.95 2679.91 2645.87 2629.75 2628.69 2638.52 2655.44 2676.65 2700.28 2724.94 2749.12 2771.16 2790.42 2806.09 2818.2 2826.13 2830.11 2830.59 2828.35 2824.74 2822.08 2819.64 2816.09 2810.64 2802.76 2792.68
-9999 -9999 -9999 -9999 -9999 -9999 -9999 -9999 -9999 -9999 -9999 -9999 -9999 2128.36 2172.21 2214.12 2262.64 2315.86 2354.96 2378.76 2393.64 2392.47 2383.88 2385.72 2398.14 2414.89 2432.34 2449.57 2461.83 2456.6 2434.08 2428.65 2458.91 2524.88 2604.57 2641.95 2662.24 2679.65 2696.63 2713.64 2729.93 2737.37 2706.25 2647.94 2603.53 2581.11 2577.23 2586.88 2605.5 2629.73 2657.31 2686.18 2712.89 2735.06 2754.91 2772.53 2787.32 2798.17 2803.99 2804.57 2801.85 2798.78 2796.8 2794.93 2791.79 2786.25 2777.73 2766.19
-9999 -9999 -9999 -9999 -9999 -9999 -9999 -9999 -9999 -9999 -9999 -9999 -9999 2066.23 2100.12 2142.79 2198.65 2255.87 2291.41 2319.57 2344.94 2361.07 2358.44 2363.91 2378.51 2394.12 2406.86 2418.17 2429.6 2439.8 2437.17 2421.63 2437.01 2492.32 2554.37 2580.97 2598.65 2614.64 2630.52 2646.87 2663.35 2674.74 2656.86 2596.92 2548.71 2524.47 2520.54 2531.58 2552.74 2580.41 2612.08 2644.38 2671.19 2695.03 2717.11 2737.22 2754.66 2768.14 2776.3 2778.63 2776.99 2774.66 2773.08 2771.56 2768.63 2763.07 2754.3 2742.18
-9999 -9999 -9999 -9999 -9999 -9999 -9999 -9999 -9999 -9999 -9999 -9999 -9999 -9999 2032.51 2078.89 2132.12 2180.13 2212.93 2244.14 2275.29 2300.91 2315.15 2331.42 2346.28 2360.12 2372.7 2382.93 2387.26 2395.63 2405.33 2401.35 2400.95 2438.79 2489.55 2512.92 2529.04 2543.52 2557.85 2572.58 2587.52 2597.53 2577.54 2521.79 2478.53 2458.4 2457.99 2472.3 2496.77 2528.02 2563.26 2597.97 2626.91 2653.56 2678.51 2701.4 2721.52 2737.65 2748.3 2752.82 2752.71 2751.18 2750.06 2748.87 2746.14 2740.61 2731.66 2719.19
-9999 -9999 -9999 -9999 -9999 -9999 -9999 -9999 -9999 -9999 -9999 -9999 -9999 -9999 1986.19 2034.88 2072.75 2104.61 2133.58 2163.59 2192.42 2219.91 2249.05 2272.47 2291.56 2307.82 2322.04 2334.14 2340.94 2343.74 2353.64 2359.64 2344.69 2362.08 2406.52 2430.1 2443.85 2456.27 2468.29 2480.11 2492.13 2497.21 2467.84 2423.52 2393.7 2383.48 2390.03 2409.32 2437.65 2472.24 2510.69 2548.78 2581.16 2611.07 2639.14 2664.97 2687.9 2706.74 2720.05 2726.96 2728.58 2728.04 2727.51 2726.66 2724.11 2718.64 2709.62 2697.11
-9999 -9999 -9999 -9999 -9999 -9999 -9999 -9999 -9999 -9999 -9999 -9999 -9999 -9999 -9999 1960.72 1988.81 2017.67 2047.71 2074.4 2088 2118 2161.35 2196.18 2223.5 2245.16 2262.76 2277.44 2287.1 2286.94 2293.36 2295.62 2267.86 2262.32 2287.44 2314.93 2326.28 2333.96 2341.75 2349.86 2357.63 2356.02 2330.93 2307.67 2297.71 2301.84 2318 2343.5 2375.93 2413.46 2454.51 2496.36 2533.61 2567.32 2598.73 2627.68 2653.51 2675.13 2691.07 2700.46 2704.32 2705.34 2705.67 2705.24 2702.9 2697.62 2688.84 2677.2
