glyphosate_resistance_seau/res/bom_grid_data_1991_to_2020/evapora.asc
ncols         178
nrows         142
xllcorner     111.875
yllcorner     -44.625
cellsize      0.25
NODATA_value  -9999
[rows 30 to 59 of 142, columns 0 to 67 of 178]
-9999 -9999 -9999 -9999 -9999 -9999 -9999 -9999 -9999 -9999 -9999 -9999 -9999 -9999 -9999 -9999 -9999 -9999 -9999 -9999 -9999 -9999 -9999 -9999 -9999 -9999 -9999 -9999 -9999 -9999 -9999 -9999 -9999 -9999 -9999 -9999 -9999 -9999 -9999 -9999 -9999 -9999 -9999 2599.76 2610.07 -9999 -9999 2664.39 2693.04 2729.49 2773.59 2822.23 2870.99 2914.53 2949.01 2973.07 2987.42 2993.98 2994.89 2992.09 2987.04 2980.74 2973.76 2966.27 2957.97 2948.19 2936.02 2920.91
-9999 -9999 -9999 -9999 -9999 -9999 -9999 -9999 -9999 -9999 -9999 -9999 -9999 -9999 -9999 -9999 -9999 -9999 -9999 -9999 -9999 -9999 -9999 -9999 -9999 -9999 -9999 -9999 -9999 -9999 -9999 -9999 -9999 -9999 -9999 -9999 -9999 -9999 -9999 -9999 -9999 -9999 2596.9 2604.57 2620.52 -9999 -9999 -9999 2718.45 2754.89 2798.05 2845.67 2893.35 2936.1 2970.23 2994.41 3009.36 3016.95 3019.32 3018.24 3014.81 3009.5 3002.3 2993.1 2981.82 2968.51 2953.38 2936.77
-9999 -9999 -9999 -9999 -9999 -9999 -9999 -9999 -9999 -9999 -9999 -9999 -9999 -9999 -9999 -9999 -9999 -9999 -9999 -9999 -9999 -9999 -9999 -9999 -9999 -9999 -9999 -9999 -9999 -9999 -9999 -9999 -9999 -9999 -9999 -9999 -9999 -9999 -9999 -9999 -9999 2615.08 2610.66 2613.3 2631.46 2658.13 -9999 2715.39 2747.1 2783.73 2826.03 2872.24 2918.35 2959.73 2992.91 3016.68 3031.83 3040.34 3044.32 3045.39 3044.21 3040.38 3033.04 3022.58 3009.19 2993 2974.58 2955.55
-9999 -9999 -9999 -9999 -9999 -9999 -9999 -9999 -9999 -9999 -9999 -9999 -9999 -9999 -9999 -9999 -9999 -9999 -9999 -9999 -9999 -9999 -9999 -9999 -9999 -9999 -9999 -9999 -9999 -9999 -9999 -9999 -9999 -9999 -9999 -9999 -9999 -9999 -9999 -9999 -9999 2652.65 2646.92 2644.47 2652.31 2681.05 2714.45 2746.94 2780.16 2816.71 2857.83 2902.18 2946.19 2985.56 3017.15 3039.93 3054.87 3064.03 3069.61 3072.95 3073.69 3069.56 3059.53 3047.55 3034.46 3018.53 2997.95 2975.97
-9999 -9999 -9999 -9999 -9999 -9999 -9999 -9999 -9999 -9999 -9999 -9999 -9999 -9999 -9999 -9999 -9999 -9999 -9999 -9999 -9999 -9999 -9999 -9999 -9999 -9999 -9999 -9999 -9999 -9999 -9999 -9999 -9999 -9999 -9999 -9999 -9999 -9999 -9999 -9999 -9999 2698.69 2692.63 2688.7 2691.38 2715.64 2750.94 2785.4 2819.06 2854.76 2894.03 2935.88 2977.09 3013.74 3043.01 3064.13 3078.27 3087.62 3094.4 3099.23 3098.53 3089.73 3077.77 3065.13 3052.3 3038.37 3019.91 2995.76
-9999 -9999 -9999 -9999 -9999 -9999 -9999 -9999 -9999 -9999 -9999 -9999 -9999 -9999 -9999 -9999 -9999 -9999 -9999 -9999 -9999 -9999 -9999 -9999 -9999 -9999 -9999 -9999 -9999 -9999 -9999 -9999 -9999 -9999 -9999 -9999 -9999 -9999 -9999 -9999 -9999 -9999 2745.06 2740.77 2742.28 2764.23 2799.05 2832.93 2865.25 2898.83 2935.27 2973.74 3011.29 3044.37 3070.52 3089.21 3101.77 3110.5 3117.63 3122.51 3117.71 3106.45 3094 3080.91 3067.4 3053.88 3037.71 3012.58
-9999 -9999 -9999 -9999 -9999 -9999 -9999 -9999 -9999 -9999 -9999 -9999 -9999 -9999 -9999 -9999 -9999 -9999 -9999 -9999 -9999 -9999 -9999 -9999 -9999 -9999 -9999 -9999 -9999 -9999 -9999 -9999 -9999 -9999 -9999 -9999 -9999 -9999 -9999 -9999 -9999 2811.38 2805.27 2801.09 2804.11 2828.31 2860.54 2890.92 2919.81 2949.76 2982.15 3016.15 3049.03 3077.6 3099.72 3115.1 3125.18 3132.27 3138.58 3142.78 3135.52 3123.14 3110.09 3096.4 3082.2 3067.96 3051.39 3025.3
-9999 -9999 -9999 -9999 -9999 -9999 -9999 -9999 -9999 -9999 -9999 -9999 -9999 -9999 -9999 -9999 -9999 -9999 -9999 -9999 -9999 -9999 -9999 -9999 -9999 -9999 -9999 -9999 -9999 -9999 -9999 -9999 -9999 -9999 -9999 -9999 -9999 -9999 -9999 -9999 2887.15 2880.03 2874.69 2873.75 2883.89 2908.6 2935.21 2959.69 2983.31 3008.13 3035.15 3063.46 3090.54 3113.54 3130.68 3141.87 3148.55 3153.02 3157.43 3160.72 3153.94 3141.07 3127.25 3112.97 3098.22 3083.08 3064.37 3034.6
-9999 -9999 -9999 -9999 -9999 -9999 -9999 -9999 -9999 -9999 -9999 -9999 -9999 -9999 -9999 -9999 -9999 -9999 -9999 -9999 -9999 -9999 -9999 -9999 -9999 -9999 -9999 -9999 -9999 -9999 -9999 -9999 -9999 -9999 -9999 -9999 -9999 -9999 -9999 2987.14 2970.42 2962.99 2960.47 2968.37 2983.71 3002.82 3021.43 3038.68 3055.75 3074.2 3094.59 3115.94 3135.98 3152.32 3163.53 3169.69 3172.26 3173.45 3175.43 3178.14 3174.97 3162.76 3148.34 3133.6 3118.35 3101.45 3078.7 3041.79
-9999 -9999 -9999 -9999 -9999 -9999 -9999 -9999 -9999 -9999 -9999 -9999 -9999 -9999 -9999 -9999 -9999 -9999 -9999 -9999 -9999 -9999 -9999 -9999 -9999 -9999 -9999 -9999 -9999 -9999 -9999 -9999 -9999 -9999 -9999 -9999 -9999 -9999 -9999 3097.35 3084.75 3078.54 3078.53 3085.04 3095.27 3106.46 3117.01 3126.81 3136.77 3147.92 3160.53 3173.66 3185.45 3194.03 3198.4 3198.85 3196.84 3194.58 3194.35 3197.37 3199.86 3190.1 3175.85 3160.68 3144.1 3124 3094.99 3048.36
-9999 -9999 -9999 -9999 -9999 -9999 -9999 -9999 -9999 -9999 -9999 -9999 -9999 -9999 -9999 -9999 -9999 -9999 -9999 -9999 -9999 -9999 -9999 -9999 -9999 -9999 -9999 -9999 -9999 -9999 -9999 -9999 -9999 -9999 -9999 -9999 -9999 -9999 3216.43 3210.22 3205.24 3202.89 3203.71 3207.12 3211.76 3216.29 3219.94 3222.82 3225.56 3228.82 3232.69 3236.47 3238.87 3238.68 3235.4 3229.56 3222.74 3217.25 3215.59 3219.52 3226.31 3222.25 3208.65 3192.51 3173.59 3148.59 3111.53 3054.34
-9999 -9999 -9999 -9999 -9999 -9999 -9999 -9999 -9999 -9999 -9999 -9999 -9999 -9999 -9999 -9999 -9999 -9999 -9999 -9999 -9999 -9999 -9999 -9999 -9999 -9999 -9999 -9999 -9999 -9999 -9999 -9999 -9999 -9999 -9999 -9999 -9999 3311.51 3316.47 3320.04 3322.8 3325.23 3327.54 3329.49 3330.57 3330.28 3328.41 3325.14 3320.84 3315.9 3310.37 3303.92 3295.99 3286.14 3274.49 3261.9 3250.09 3241.57 3239.17 3245.08 3256.21 3255.51 3241.71 3224.27 3202.26 3171.64 3125.72 3057.59
-9999 -9999 -9999 -9999 -9999 -9999 -9999 -9999 -9999 -9999 -9999 -9999 -9999 -9999 -9999 -9999 -9999 -9999 -9999 -9999 -9999 -9999 -9999 -9999 -9999 -9999 -9999 -9999 -9999 -9999 -9999 -9999 -9999 -9999 -9999 3360.88 3380.41 3398.15 3413.91 3427.34 3438.06 3445.84 3450.56 3452.26 3451.05 3447.12 3440.65 3431.8 3420.73 3407.55 3392.32 3375.17 3356.3 3336.17 3315.55 3295.72 3278.58 3266.85 3263.63 3271.48 3286.02 3284.48 3269.79 3250.73 3225.28 3190.5 3137.6 3061.24
-9999 -9999 -9999 -9999 -9999 -9999 -9999 -9999 -9999 -9999 -9999 -9999 -9999 -9999 -9999 -9999 -9999 -9999 -9999 -9999 -9999 -9999 -9999 -9999 -9999 -9999 -9999 -9999 -9999 3201.76 -9999 3270.25 3315.15 3354.81 3390.09 3422.59 3453.48 3483.03 3510.57 3534.85 3554.43 3568.16 3575.63 3577.15 3573.59 3565.92 3554.8 3540.47 3522.81 3501.6 3476.86 3449.03 3419.08 3388.35 3358.33 3330.75 3307.71 3291.95 3286.67 3294.56 3310.19 3306.67 3290.38 3267.24 3238.71 3201.49 3146.34 3065.04
-9999 -9999 -9999 -9999 -9999 -9999 -9999 -9999 -9999 -9999 -9999 -9999 -9999 -9999 -9999 -9999 -9999 -9999 -9999 -9999 -9999 -9999 -9999 -9999 -9999 -9999 -9999 -9999 3206.99 3217.18 3238.96 3288.98 3343.37 3392.86 3438.26 3481.78 3524.97 3567.98 3609.41 3646.67 3676.7 3697.06 3706.85 3706.88 3699.22 3686.1 3669.11 3648.68 3624.41 3595.6 3561.96 3524.04 3483.37 3442.1 3402.5 3366.74 3337.02 3315.93 3306.45 3310.99 3324.66 3322.16 3304.42 3279.02 3248.44 3209.14 3151.74 3067.98
-9999 -9999 -9999 -9999 -9999 -9999 -9999 -9999 -9999 -9999 -9999 -9999 -9999 -9999 -9999 -9999 -9999 -9999 -9999 -9999 -9999 -9999 -9999 -9999 3266.45 3232.54 3216.44 3212.81 3217.99 3231.14 3256.11 3311.3 3372.48 3429.74 3484.33 3539.11 3595.99 3654.92 3713.36 3766.67 3809.36 3837.01 3847.99 3843.96 3828.89 3807.19 3781.91 3754.06 3722.9 3687.02 3645.46 3598.53 3548.03 3496.75 3447.69 3403.48 3366.37 3338.63 3322.63 3320.2 3328.68 3330.98 3313.73 3288.38 3256.57 3215.1 3154.62 3070.28
-9999 -9999 -9999 -9999 -9999 -9999 -9999 -9999 -9999 -9999 -9999 -9999 -9999 -9999 -9999 -9999 -9999 -9999 -9999 3481.89 3463.67 -9999 -9999 3318.36 3267.45 3233.23 3217.26 3215.32 3223.49 3240.52 3272.55 3335.41 3401.88 3465.2 3528.22 3594.58 3666.7 3744.18 3822.95 3894.75 3948.33 3982.12 3994.96 3987.36 3961.69 3927.63 3891.22 3854.31 3815.88 3773.54 3725.32 3670.85 3611.83 3551.49 3493.46 3440.85 3395.98 3360.68 3336.56 3324.67 3323.99 3326.82 3316.37 3292.8 3261.02 3217.68 3156.35 3073.16
-9999 -9999 -9999 -9999 -9999 -9999 -9999 -9999 -9999 -9999 -9999 -9999 -9999 -9999 -9999 -9999 -9999 3483.09 3484.32 3475.74 3455.45 3418.18 3363.94 3304.85 3254.48 3221.66 3207.49 3208.21 3219.54 3241.89 3288.89 3358.57 3429.17 3497.86 3568.85 3646.89 3735.03 3832.4 3931.18 4012.91 4060.92 4094.24 4116.62 4120.29 4090.9 4043.28 3993.77 3946.83 3901.11 3853.15 3799.68 3739.38 3673.51 3605.43 3539.31 3478.75 3426.21 3383.17 3350.49 3328.43 3315.95 3309.5 3301.63 3286.18 3258.71 3215.08 3153.84 3076.65
-9999 -9999 -9999 -9999 -9999 -9999 -9999 -9999 -9999 -9999 -9999 -9999 -9999 -9999 -9999 -9999 3451.4 3469.04 3470.96 3460.3 3434.05 3390.22 3332.6 3272.13 3221.91 3190.69 3179.9 3185.39 3201.42 3230.91 3297.23 3375.75 3451.53 3525.79 3604.29 3693.14 3796.18 3910.66 4015.23 4078.58 4122.79 4158.55 4186.35 4203.64 4197.39 4145.84 4084.58 4028.35 3976.36 3924.08 3866.98 3802.68 3731.76 3657.53 3584.52 3516.86 3457.27 3407.05 3366.48 3335.18 3311.88 3294.04 3277.68 3257.89 3230.03 3191.16 3140.79 3080.78
-9999 -9999 -9999 -9999 -9999 -9999 -9999 -9999 -9999 -9999 -9999 -9999 -9999 -9999 3334.52 3373.71 3414.05 3443.3 3448.03 3433.28 3399.77 3349.41 3287.84 3224.65 3171.2 3138.35 3131.67 3146.48 3171.99 3210.67 3295.14 3384.71 3467.42 3547.53 3632.47 3729.67 3843.82 3967.3 4061.82 4120.32 4166.63 4205.39 4236.06 4258.23 4263.88 4223.66 4157.78 4095.48 4039.63 3984.96 3926.01 3859.46 3785.3 3706.62 3628.18 3554.62 3489.03 3432.73 3385.67 3347.03 3315.4 3288.69 3264.18 3238.77 3209.7 3175.19 3134.85 3089.7
-9999 -9999 -9999 -9999 -9999 -9999 -9999 -9999 -9999 -9999 -9999 -9999 3252.15 3278.84 3308.37 3340.47 3372.88 3400.01 3411.89 3400.69 3363.45 3310.26 3247.27 3178.91 3116.93 3079.73 3075.58 3100.17 3141.42 3191.58 3287.48 3387.64 3477.73 3562.98 3652.16 3753.69 3872.8 4000.26 4092.36 4152.4 4201.36 4242.58 4275.49 4299.8 4308.84 4274.62 4208.84 4145.69 4089.54 4034.89 3975.84 3908.66 3832.89 3751.41 3669.13 3591.11 3520.89 3459.93 3408.11 3364.34 3327.1 3294.6 3264.86 3235.92 3206.09 3174.3 3140.27 3104.48
-9999 -9999 -9999 -9999 -9999 -9999 -9999 -9999 3143.93 -9999 -9999 3209.29 3232.98 3258.39 3285.16 3313.04 3340.7 3364.71 3378.83 3374.01 3343.31 3295.72 3234.83 3160.88 3099.04 3071.32 3062.17 3072.74 3123.94 3184.3 3283.61 3390.39 3485.53 3573.54 3663.74 3764.77 3881.89 4008.91 4111.51 4176.54 4227.78 4270.98 4305.73 4331.27 4338.19 4298.64 4236.84 4178.59 4125.91 4073.57 4015.96 3949.37 3873.28 3790.47 3705.97 3625.12 3551.84 3487.85 3433.05 3386.24 3345.83 3310.15 3277.62 3246.84 3216.71 3186.48 3155.94 3125.27
-9999 -9999 -9999 -9999 -9999 -9999 -9999 -9999 3121.64 -9999 3166.78 3189.98 3214.05 3239.49 3265.7 3292.73 3320.35 3346.78 3367.64 3374.42 3356.38 3321.07 3268.03 3195.13 3138.13 3107.54 3091.02 3092.02 3136.6 3196.46 3293.02 3399.51 3494.55 3581.53 3669.15 3765.29 3874.63 3995.64 4111.31 4189.04 4246.07 4291.35 4326.88 4347.83 4341.55 4297.49 4245.11 4196.17 4149.74 4101.32 4046.07 3980.45 3903.05 3819.17 3734.8 3654.52 3580.5 3515.29 3459.28 3411.29 3369.69 3332.86 3299.37 3268.09 3238.14 3208.95 3180.26 3152.09
-9999 -9999 -9999 -9999 -9999 -9999 -9999 3074.63 3097.26 3120.71 3144.78 3169.38 3194.87 3221.58 3249.12 3278.16 3309.67 3343.66 3377.72 3402.71 3400.78 3385.38 3351.59 3289.18 3225.19 3177.43 3147.69 3142.76 3181.34 3230.9 3320.33 3418.54 3507.16 3589 3670.99 3759.38 3857.72 3965.25 4074.89 4171.15 4244.26 4293.55 4326.33 4331.12 4311.88 4277.59 4239.69 4201.85 4162.73 4118.71 4065.37 3996.54 3910.71 3823.89 3744.87 3673.92 3604.84 3540.8 3485.32 3437.82 3396.65 3360.2 3327.12 3296.37 3267.16 3238.97 3211.48 3184.63
-9999 -9999 -9999 -9999 -9999 -9999 -9999 3046.3 3069.98 3094.7 3120.31 3146.87 3174.69 3203.55 3233.63 3266.4 3304 3348.24 3398.55 3443.79 3461.49 3473.34 3463.12 3416.67 3353.17 3288.87 3243.17 3235.58 3252.86 3286.02 3363.03 3446.14 3523.37 3596.99 3671.5 3751.11 3837.97 3931.04 4025.72 4114.29 4187.44 4239.48 4269.89 4277.9 4269.09 4250.43 4226.53 4198.91 4166.34 4125.33 4067.45 3984.9 3895.98 3813.6 3741.15 3678.62 3621.69 3562.73 3509.62 3464.08 3424.64 3389.75 3358.11 3328.72 3300.84 3273.93 3247.64 3221.79
-9999 -9999 -9999 -9999 -9999 -9999 -9999 -9999 3038.14 3064.56 3092.37 3121.89 3152.53 3184.06 3217.3 3254.29 3298.09 3352.03 3416.7 3478.63 3517.31 3549.29 3543.26 3516.91 3476.68 3421.23 3364.6 3337.1 3333.06 3357.6 3413.63 3477.4 3541.26 3605.38 3671.94 3743.17 3819.89 3900.73 3982.06 4058.5 4124.24 4174.68 4207.84 4224.73 4228.42 4222.44 4209.16 4189.13 4160.29 4113.73 4038.78 3952.68 3870.38 3796.37 3731.82 3676.96 3629.22 3579.26 3530.66 3488.27 3451.6 3419.15 3389.72 3362.35 3336.33 3311.1 3286.28 3261.61
-9999 -9999 -9999 -9999 -9999 -9999 -9999 -9999 2999.92 3028.94 3060.3 3093.29 3127.19 3161.95 3198.56 3239.33 3287.79 3348.04 3422.19 3498.08 3549.43 3590.03 3593.13 3582.18 3561.14 3517.16 3459.45 3422.96 3408.83 3424.11 3460.51 3507 3558.45 3613.52 3672.67 3736.6 3805.1 3876.55 3947.96 4015.38 4074.77 4122.98 4158.42 4181.27 4192.88 4194.83 4187.9 4170.56 4134.9 4068.14 3988.79 3910.7 3838.64 3774.4 3718.92 3672.46 3632.78 3590.73 3547.25 3508.88 3475.69 3446.29 3419.59 3394.7 3370.95 3347.76 3324.73 3301.53
-9999 -9999 -9999 -9999 -9999 -9999 -9999 2925.22 2953.21 2985.8 3021.65 3059.27 3097.58 3136.35 3176.51 3220.32 3271.25 3333.29 3409.92 3494.28 3554.46 3603.56 3621.54 3622.08 3608.89 3567.12 3521.3 3488.93 3470.83 3475.05 3497.5 3531.72 3573.53 3621.02 3673.7 3731.35 3793.17 3857.43 3921.55 3982.44 4037.05 4083 4118.89 4144.37 4159.7 4164.74 4156.32 4128.54 4070.57 4000.69 3930.36 3863.64 3802.63 3748.83 3703.08 3665.67 3633.91 3597.18 3558.75 3524.87 3495.56 3469.56 3445.92 3423.81 3402.58 3381.66 3360.62 3339.11
-9999 -9999 -9999 -9999 -9999 -9999 -9999 2864.25 2894.97 2932.56 2974.68 3018.79 3063.08 3106.92 3151.03 3197.43 3249.09 3309.38 3381 3461.95 3534.22 3583.63 3614.42 3624.46 3613.22 3586.19 3556.94 3526 3507.8 3508.16 3524.07 3551.24 3586.48 3628.04 3675.12 3727.1 3782.99 3841.14 3899.25 3954.75 4005.1 4048.28 4082.91 4108.04 4121.83 4119.97 4093 4045.69 3987.73 3927.68 3868.99 3813.81 3763.93 3720.69 3684.86 3656.6 3632.11 3598.61 3564.95 3535.75 3510.47 3488.07 3467.66 3448.5 3429.93 3411.39 3392.41 3372.64
-9999 -9999 -9999 -9999 -9999 -9999 2774.25 2796.96 2829.44 2870.77 2919.88 2972.21 3024.03 3074.04 3122.72 3171.75 3223.57 3280.69 3344.77 3415.21 3486.38 3546.36 3582.01 3598.14 3598.51 3582.41 3557.34 3535.54 3525.36 3528.49 3543.26 3567.21 3598.26 3635.14 3677.11 3723.58 3773.59 3825.68 3877.86 3927.87 3973.5 4012.87 4043.74 4061.17 4060.51 4035.63 3997.67 3952.34 3903.88 3854.84 3807.3 3763.15 3723.95 3690.9 3664.66 3644.8 3625.22 3594.87 3566.02 3541.44 3520.22 3501.46 3484.39 3468.28 3452.42 3436.2 3419.26 3401.22
