glyphosate_resistance_seau/res/bom_grid_data_1991_to_2020/evapora.asc
ncols         178
nrows         142
xllcorner     111.875
yllcorner     -44.625
cellsize      0.25
NODATA_value  -9999
[rows 30 to 59 of 142, columns 68 to 135 of 178]
2903.17 2883.59 2863.87 2845.83 2830.9 2819.99 2813.55 2811.74 2814.37 2820.8 2829.67 2838.76 2845.16 2845.96 2839.41 2826.58 2813.12 2805.21 2807.44 2813.74 2828.21 2848.79 2870.46 2885.07 2889.63 2884.66 2872.39 2855.49 2836.23 2816.07 2795.73 2775.43 2755.07 2734.29 2712.28 2687.37 2657.03 -9999 -9999 -9999 -9999 2427.39 -9999 -9999 -9999 -9999 -9999 -9999 -9999 2705.97 2647.19 2564.64 2476.69 2397.3 2337.24 2303.94 2297.78 2303.39 2276.55 2225.95 2153.27 2061.34 1971.09 1915.34 1904 1909.69 1926.87 -9999
2919.23 2901.6 2884.93 2870.3 2858.7 2850.9 2847.47 2848.72 2854.54 2864.13 2875.66 2886.22 2892.02 2889.36 2876.3 2857.46 2849.84 2853.47 2859.51 2864.76 2870.46 2881.3 2906.4 2927.43 2935.49 2930.98 2917.27 2898.45 2877.87 2857.48 2837.86 2818.65 2799.03 2777.94 2753.78 2723.94 2684.62 2631.86 2563.76 2485 2416.38 -9999 -9999 -9999 -9999 -9999 -9999 -9999 2788.93 2769.71 2706.87 2620.59 2527.34 2435.85 2356.46 2301.35 2269.44 2247.06 2208.16 2148.11 2067.62 1977.09 1896.08 1843.24 1818.47 1812.08 1821.17 1840.73
2937.07 2919.94 2904.8 2892.27 2883.01 2877.69 2876.97 2881.25 2890.4 2903.39 2917.93 2930.43 2936.38 2931.4 2914.2 2895.97 2899.76 2908.53 2916.28 2921.53 2924.85 2929.36 2944.55 2965.74 2973.32 2965.45 2947.18 2924.47 2902.13 2882.64 2866.06 2850.83 2834.79 2815.74 2791.18 2757.55 2709.91 2643.03 2554.55 2458.71 2402.07 -9999 -9999 -9999 -9999 -9999 -9999 -9999 2853.79 2831.07 2753 2645.35 2537.17 2439.81 2357.59 2293.58 2245.15 2203.47 2155.17 2090.22 2006.69 1915.45 1830.25 1758.32 1716.67 1701.16 1703.23 1718.26
2955.48 2937.56 2922.66 2911.08 2903.26 2899.84 2901.52 2908.74 2921.29 2937.89 2955.9 2971.25 2978.96 2974.38 2957.54 2944.66 2952.47 2963.45 2972.62 2978.92 2982.79 2986.1 2990.96 3005.53 3005.4 2987.72 2959.7 2929.79 2904.72 2887.46 2876.92 2869.43 2860.67 2846.88 2824.6 2789.66 2736.53 2659.21 2557.57 2459.84 2411.38 2391.27 2400.93 -9999 -9999 -9999 -9999 2858.57 2880.42 2854.11 2781.08 2657.47 2531.89 2428.77 2348.93 2287.53 2237.01 2189.39 2135.67 2066.51 1978.6 1880.49 1779.64 1672.33 1596.09 1570.79 1571.99 1591.87
2972.63 2953.03 2937.39 2925.86 2918.81 2916.86 2920.72 2930.79 2946.78 2967.22 2989.2 3008.5 3020.13 3019.63 3006.82 2996.17 3006.07 3019.3 3031.15 3040.88 3048.76 3054.73 3055.67 3055.37 3037.61 3002.5 2960.89 2922.14 2893.33 2877.03 2871.5 2874.46 2876.74 2871.56 2854.63 2821.8 2767.83 2686.97 2581.57 2487.59 2437.89 2419.19 2428.57 2462.29 2533.25 2658.04 2794.21 2879.36 2895.29 2861.66 2779.86 2649.15 2516.02 2412.75 2338.68 2286.7 2244.88 2200.97 2147.1 2076.28 1983.89 1874.9 1754.48 1608.57 1469.07 1429.83 1438.79 1474.31
2986.74 2964.79 2947.58 2935.37 2928.54 2927.78 2933.77 2946.82 2966.42 2990.93 3017.36 3041.65 3059.29 3066.54 3062.46 3055.4 3066.95 3084.96 3103.02 3120.99 3137.89 3149.35 3147.44 3126.34 3082.29 3026.64 2977.75 2937.69 2906.09 2881.35 2865.32 2871.38 2885.78 2891.51 2882.32 2854.83 2805.12 2728.83 2627.83 2532.81 2482.19 2456.54 2460.82 2492.66 2562.7 2677.63 2800.29 2887.93 2902.49 2859.63 2762.98 2629.01 2508.79 2417 2346.2 2296.1 2263.65 2225.52 2172.76 2104.14 2012.6 1895.71 1761.84 1596.31 1401.59 1320.58 1331.55 1384.24
2996.35 2971.08 2951.16 2937.25 2930.06 2930.41 2938.89 2955.46 2979.27 3008.37 3039.79 3069.87 3095.02 3112.82 3123.45 3131.67 3148.88 3178.91 3211.09 3243.19 3271.96 3288.36 3277.85 3230.29 3155.42 3077.81 3013.78 2966.17 2931.19 2903.27 2882.9 2874.75 2894.12 2909.9 2908.92 2888.53 2846.8 2781.51 2692.67 2597.53 2544.42 2514.24 2509.12 2539.13 2606.64 2700.97 2797.13 2866.18 2880.25 2833.59 2735.93 2614.9 2512.31 2431.88 2366.97 2320.97 2291.86 2255.15 2203.56 2138.28 2051.81 1934.56 1797.68 1644.39 1465.39 1314.88 1302.71 1364.76
3000.54 2969.75 2944.88 2927.49 2919.04 2920.64 2932.59 2954.15 2983.61 3018.44 3055.63 3092.13 3125.64 3155.63 3184.42 3217.41 3261.64 3318.57 3373.62 3422.16 3459.83 3472.73 3442.6 3362.21 3251.46 3143.7 3058.56 3002.37 2962.49 2931.33 2909.07 2898.19 2910.53 2930.4 2935.5 2921.68 2889.09 2837.68 2768.35 2688.92 2625.23 2590.77 2581.08 2601.81 2654.04 2727.41 2801.03 2848.89 2851.16 2804.84 2720.97 2619.25 2527.32 2454.36 2396.05 2355.13 2326.14 2289.11 2238.94 2176.6 2094.82 1983.01 1850.88 1716.7 1592.3 1492.61 1465.9 1525.57
2998.78 2958.27 2924.41 2900.49 2889.36 2892.61 2909.92 2939.14 2976.94 3019.66 3063.98 3107.57 3149.74 3192.42 3240.79 3302.73 3386.03 3487.81 3575.63 3634.5 3671.05 3670.86 3616.52 3506.07 3363 3224.03 3114.29 3042.55 2994.49 2959.99 2937.89 2928.33 2935.94 2955.49 2962.42 2952.54 2927.74 2889.74 2840.07 2782.54 2726.75 2684.74 2664.43 2672.14 2706.92 2758.88 2811.48 2843.71 2837.55 2794.15 2723.9 2641.25 2560.88 2493.45 2441.81 2402.18 2366.38 2326.14 2277.37 2216.68 2138.71 2037.06 1915.71 1797.43 1710.98 1675.35 1696.5 1780.16
2990.99 2934.45 2885.76 2850.99 2835.2 2840.72 2866.17 2906.96 2957.03 3010.76 3064.18 3115.65 3166.39 3221.08 3288.31 3379.23 3503.88 3652.42 3760.18 3823.88 3859.79 3849.21 3778.11 3646.69 3481.83 3318.15 3183.36 3089.25 3028.88 2990.28 2969.9 2962.4 2969.94 2985.23 2989.75 2980.77 2961.35 2934.72 2901.71 2863.65 2825.7 2793.22 2772.59 2768.28 2779.13 2799.14 2818.93 2827.87 2817.39 2784.64 2729.52 2664.87 2601.3 2544.87 2497.11 2454.72 2412.73 2367.62 2316.89 2257.71 2186.09 2097.78 1997.05 1902.2 1838.16 1841.97 1906.78 2017.29
2978.59 2900.82 2833.79 2786.62 2765.07 2770.89 2802.33 2857.28 2923.77 2991.9 3056.47 3116.49 3175.08 3239.72 3322.26 3437.14 3596.63 3778.69 3880.85 3951.32 3987.26 3971.39 3903.23 3764.77 3590.64 3415.5 3262.92 3148.19 3072.5 3027.54 3005.9 3001.09 3009.64 3018.34 3019.27 3010.2 2994.33 2975.59 2955.28 2932.98 2909 2885.01 2864.69 2851.97 2844.89 2840.43 2834.51 2822.66 2801.54 2769.98 2728.87 2682.6 2635.95 2592.87 2553.02 2513.51 2470.89 2422.9 2368.65 2307.62 2238.9 2164.02 2090.83 2030.27 1998.69 2020.13 2101.99 2216.79
2967.98 2874.72 2799.5 2751.23 2727.69 2723.92 2741.25 2799.01 2881.59 2965.96 3042.71 3111.09 3175.87 3246.73 3337.83 3465.79 3641.05 3824.75 3915.7 3985.53 3996.76 3978.22 3930.98 3820.91 3658.57 3492.68 3338.57 3210.82 3121.74 3070.1 3050.52 3048.52 3051.59 3053.33 3048.58 3035.94 3020.45 3005.63 2992.68 2980.81 2967.49 2951.88 2934.79 2917.43 2899.71 2880.45 2858.47 2832.6 2802.54 2768.95 2733.92 2699.89 2668.33 2640.06 2612.69 2581.73 2542.52 2492.47 2432.11 2363.99 2291.33 2220 2160.22 2120.91 2112.45 2149.39 2240.19 2352.52
2964.97 2867.56 2790.88 2742.74 2719.13 2713.51 2723.03 2757.31 2841.28 2939.01 3026.57 3101.5 3169.57 3241.48 3331.95 3457.61 3623.62 3777.73 3855.87 3919.79 3926.82 3909.64 3872.79 3783.96 3651.2 3518.02 3385.13 3261 3174.05 3125.92 3104.47 3095.62 3089.55 3083.93 3073.85 3059.49 3046.19 3033.7 3022.82 3015.48 3007.76 2996.51 2981.44 2962.94 2941.34 2916.22 2886.36 2851.75 2815.18 2779.01 2746.18 2719.23 2699.37 2685.27 2672.32 2653.35 2620.37 2568.31 2498.59 2418.34 2336.08 2260.11 2201.24 2169.27 2170.66 2211.12 2297.53 2410.25
2965.04 2866 2788.77 2742 2719.36 2712.99 2719.85 2746.05 2816.15 2918.75 3012.7 3090.47 3157.87 3225.07 3305.27 3412.62 3547.56 3656.57 3711.35 3761.95 3780.01 3765.21 3728.18 3647.65 3556.26 3468.76 3372.27 3273.12 3205.05 3166.47 3145.59 3132.43 3120.81 3110.02 3097.38 3083.1 3071.32 3060.71 3051.67 3046.1 3040.3 3030.21 3015.36 2996.12 2972.84 2945.2 2912.31 2873.91 2832.81 2792.93 2758.51 2734.82 2723.6 2724.01 2729.1 2728.44 2707.55 2653.93 2568.58 2466.93 2367.73 2284.13 2222.69 2188.75 2191.62 2228.31 2297.43 2389.71
2966.31 2866.78 2789.66 2743.56 2721.09 2714.17 2719.97 2744.6 2809.53 2911.55 3005.03 3080.59 3143.01 3200.42 3262.69 3339.63 3429.02 3489.15 3515.75 3535.64 3540.07 3520.37 3483.59 3438.98 3397.81 3355.48 3301.8 3246.23 3208.15 3185.14 3170.24 3158.17 3145.96 3133.84 3121.64 3107.98 3096.98 3087.77 3080.41 3075.66 3069.05 3057.37 3041.47 3022.23 2999.2 2970.67 2936.63 2896.4 2851.43 2805.83 2768.41 2747.57 2741.85 2757.51 2787.18 2812.29 2805.91 2749.69 2642.74 2508.2 2382 2287.42 2227.23 2197.93 2195.74 2226.15 2277.06 2341.68
2968.66 2869.93 2793.94 2747.04 2724.01 2716.94 2723.46 2750.44 2822.92 2919.34 3005.06 3073.35 3127.16 3171.52 3211.92 3253.25 3294.58 3317.79 3322.96 3312.16 3285.52 3252.48 3226.5 3217.9 3221.51 3218.7 3205.64 3197.67 3192.8 3188.3 3182.75 3175.51 3166.64 3157.03 3147.48 3136.68 3126.39 3117.69 3110.43 3103.36 3093.53 3079.72 3062.91 3043.55 3021.07 2993.48 2959.56 2918.55 2870.66 2821.74 2790.37 2773.5 2769.94 2791.63 2842.12 2879.52 2862.75 2799.6 2688.69 2537.78 2395.64 2292.74 2225.45 2202.82 2203.11 2224.67 2260.52 2298.9
2973.78 2877.1 2801.84 2754.49 2730.54 2723.95 2735.76 2775.29 2854.41 2938.83 3011.38 3068.84 3111.96 3142.36 3161.19 3169.72 3174.45 3181.88 3176.25 3147.77 3110.09 3081.76 3060.47 3051.02 3073.16 3099.05 3114.77 3147.03 3171.42 3184.02 3188.31 3187.5 3184.19 3179.84 3173.53 3165.54 3156.92 3148.07 3138.64 3127.91 3114.78 3099.37 3081.97 3062.52 3040.42 3013.93 2981.15 2941.04 2893.66 2845.33 2816.3 2801.37 2799.66 2824.68 2880.6 2915.94 2894.09 2827.89 2714.49 2561.69 2422.52 2322.61 2252.73 2220.1 2221.43 2235.3 2259.54 2278.77
2989.04 2900.87 2824.97 2775.43 2751.27 2748.25 2777.44 2830.6 2897.64 2963.59 3020.75 3066.09 3098.35 3116.19 3117.23 3102.7 3092.55 3097.45 3092.4 3066.47 3033.56 3003.4 2978.22 2963.63 2982.21 3019.49 3050.94 3109.44 3153.72 3178.63 3190.9 3196.27 3199 3200.67 3197.86 3192.06 3184.89 3175.74 3164.2 3150.21 3134.17 3117.27 3099.32 3079.82 3058.07 3032.57 3001.54 2963.92 2920.85 2877.24 2844.98 2829.53 2828.74 2851.87 2896.4 2930.89 2910.99 2845.45 2731.31 2582.19 2450.75 2356.77 2290.7 2258.94 2255.67 2263 2276.81 2282.35
3014.94 2948.87 2890.13 2847.56 2826.09 2827.1 2851.33 2891.7 2939.5 2987.31 3029.92 3064.01 3086.89 3095.15 3084.29 3057.03 3045.08 3053.7 3055.79 3038.75 3010.85 2978.07 2946.69 2928.32 2947.34 2982.02 3022.13 3091.76 3144.48 3175.47 3192.69 3202.84 3210.8 3217.9 3218.52 3214.87 3208.95 3199.23 3186.63 3171.05 3152.78 3134.06 3115.27 3095.61 3074.24 3049.77 3020.49 2985.81 2948.09 2911.94 2882.86 2865.92 2862.37 2871.74 2889.49 2903.96 2891.85 2836.76 2733.7 2602.53 2484.45 2399.17 2343.61 2318.62 2305.13 2306.13 2308.83 2303.15
3041.93 2994.95 2953.17 2921.49 2904.05 2902.75 2916.52 2941.66 2973.21 3006.33 3037.04 3062.03 3077.88 3080.21 3063.77 3031.53 3017.82 3029.13 3036.69 3027.62 3007.79 2979.41 2948.06 2931.79 2947.55 2972.08 3022.65 3092.2 3143.55 3175.08 3194.24 3207.37 3219.05 3230.23 3234.28 3232.51 3226.66 3216.92 3204.5 3189.15 3170.06 3149.96 3130.18 3110.14 3088.81 3064.96 3037.22 3005.32 2971.85 2941.09 2916.15 2898.61 2887.75 2880.41 2872.79 2860.65 2836.51 2790.97 2720.66 2633.8 2547.85 2477.54 2426.5 2391.16 2368.72 2359.85 2349.49 2333.17
3068.15 3033.18 3002.09 2977.73 2962.59 2958.04 2963.78 2977.97 2997.79 3020.13 3041.95 3060.21 3071.42 3071.16 3054.44 3022.12 3000.3 3009.55 3021.47 3019.3 3007.76 2987.85 2964.63 2953.77 2957.67 2977.78 3040.92 3103.68 3147.77 3176.3 3195.25 3209.76 3223.49 3237.21 3245.14 3245.01 3240.08 3231 3218.94 3203.62 3184.02 3163.29 3142.74 3122 3100.38 3077.06 3051.09 3022.18 2992.47 2964.2 2938.88 2917.61 2898.66 2878.18 2853 2823.1 2790.86 2754.79 2713.18 2664.04 2609.95 2557.31 2510.2 2470.12 2442.55 2419.05 2393.77 2366.19
3095.1 3066.47 3040.83 3019.84 3005.08 2997.57 2997.49 3004.03 3015.65 3030.29 3045.6 3059 3067.33 3066.81 3053.26 3024.48 2992.73 2993.08 3003.52 3008.66 3003.81 2989.94 2974.42 2965.7 2971.82 3010.45 3069.01 3118.23 3153.23 3177.52 3195.32 3210.19 3224.58 3239.4 3251.36 3253.37 3249.99 3241.92 3229.84 3213.38 3193.52 3172.58 3151.47 3130.27 3108.77 3086.52 3062.81 3037.27 3010.88 2984.01 2956.67 2929.1 2901.7 2871.65 2834.91 2796.57 2765.44 2737.25 2715.01 2694.35 2667.45 2635.33 2600.65 2562.61 2522.67 2481.33 2439.63 2399.1
3124.77 3098.87 3075.25 3055 3039.2 3028.73 3024.01 3024.81 3030.29 3039.05 3049.28 3058.84 3065.22 3065.44 3056.38 3035.8 3007.36 2990.66 2991.83 2994.99 2993.13 2986.38 2978.9 2979.62 3004.68 3049.76 3094.43 3130.16 3157.13 3177.68 3194.38 3209.24 3223.57 3237.81 3250.7 3257.42 3255.69 3248.14 3235.73 3219.01 3199.4 3178.56 3157.53 3136.78 3116.31 3095.74 3074.41 3051.77 3027.95 3002.2 2973.62 2941.5 2906.67 2870.85 2829.75 2796.54 2771.95 2750.6 2735.9 2736.32 2733.22 2722.25 2703.18 2666.58 2610.27 2548.17 2487.41 2431.41
3158.51 3133.47 3110.07 3089.07 3071.33 3057.68 3048.7 3044.5 3044.69 3048.32 3054.02 3060.11 3064.64 3065.46 3060.39 3047.89 3028.45 3008.57 3001.02 3001.06 3000.42 2998.05 2998.35 3014.69 3045.68 3080.19 3111.14 3136.97 3158.35 3176.55 3192.79 3207.83 3221.99 3235.16 3246.7 3254.93 3257.39 3251.59 3239.5 3222.89 3203.69 3183.63 3163.7 3144.37 3125.48 3106.58 3087.18 3066.53 3044.56 3020.04 2991.63 2958.16 2920.2 2882.83 2843.39 2814.53 2796.51 2784.37 2781.91 2797.13 2809.93 2812.54 2803.84 2775.27 2706.34 2620.67 2537.49 2463.36
3196.37 3171.53 3147.64 3125.27 3105.14 3088.09 3074.8 3065.69 3060.71 3059.32 3060.5 3062.98 3065.3 3065.87 3063.21 3056.32 3045.21 3032.43 3025.22 3025.13 3025.77 3026.4 3031.92 3050.07 3073.53 3097.07 3118.93 3138.83 3157.21 3174.58 3191.17 3206.83 3221.19 3233.73 3243.82 3250.64 3253.11 3249.96 3241.1 3226.33 3208.53 3190.16 3172.12 3154.7 3137.27 3119.48 3101.24 3081.97 3061.33 3038.21 3011.17 2979.31 2943.16 2907.47 2874.49 2847.42 2835.79 2835.23 2849.14 2873.45 2892.39 2897.44 2886.57 2857.83 2796.97 2694.24 2587.19 2493.46
3236.96 3212.34 3187.95 3164.18 3141.65 3121.14 3103.49 3089.37 3079.1 3072.53 3069.01 3067.59 3067.12 3066.41 3064.35 3060.22 3054.05 3047.88 3046.42 3047.91 3049.74 3051.74 3056.25 3069.34 3085.89 3103.05 3120.18 3137.34 3154.77 3172.5 3190.13 3206.94 3222.05 3234.68 3244.19 3250.04 3251.79 3249.13 3241.97 3230.43 3215.42 3199.3 3183.13 3167.14 3150.77 3133.8 3116.33 3097.95 3078.46 3056.77 3031.73 3002.96 2971.31 2940.49 2917.02 2901.45 2897.57 2907.1 2928.66 2954.29 2971.11 2970.12 2950.62 2912.96 2854.41 2754.55 2628.92 2516.63
3277.94 3253.86 3229.32 3204.52 3179.93 3156.28 3134.46 3115.39 3099.8 3087.93 3079.53 3073.92 3070.19 3067.31 3064.37 3060.73 3056.73 3054.86 3056.07 3058.2 3060.6 3063.36 3067.32 3075.49 3088.2 3102.56 3117.89 3134.4 3152.2 3171.07 3190.25 3208.63 3225.03 3238.45 3248.24 3254.05 3255.76 3253.42 3247.24 3237.59 3225.08 3211 3196.26 3181.17 3165.5 3149.14 3132.25 3114.47 3095.94 3075.41 3052.27 3026.64 2999.98 2976 2960.92 2958.09 2965.21 2980.65 3002.52 3023.87 3028.31 3014.87 2987.78 2945.59 2880.34 2787.95 2650.86 2524.44
3316.85 3293.66 3269.42 3244.16 3218.14 3191.95 3166.49 3142.89 3122.21 3105.13 3091.81 3081.88 3074.58 3069.02 3064.3 3059.8 3056.06 3055.78 3057.21 3059.07 3061.48 3064.57 3068.5 3074.72 3085.84 3099.39 3114.55 3131.56 3150.48 3170.93 3191.98 3212.24 3230.31 3245.03 3255.71 3262.11 3264.29 3262.5 3257.13 3248.64 3237.57 3224.75 3211.1 3196.65 3181.47 3165.59 3149 3131.82 3113.62 3093.67 3071.76 3048.33 3025.1 3005.85 2996.77 3003.49 3021.44 3040.33 3058.27 3071.74 3065.2 3041.73 3006.38 2956.04 2879.88 2780.16 2640.96 2507.75
3351.82 3329.72 3306.15 3280.98 3254.26 3226.37 3198.11 3170.69 3145.44 3123.48 3105.41 3091.21 3080.3 3071.85 3064.97 3059.06 3054.68 3054 3054.79 3056.17 3058.37 3061.51 3065.65 3071.78 3082.43 3096.06 3111.82 3129.88 3150.31 3172.63 3195.74 3218.09 3238.05 3254.34 3266.23 3273.48 3276.28 3275.01 3270.16 3262.31 3252.04 3239.97 3226.73 3212.66 3197.98 3182.65 3166.57 3149.49 3131.08 3111.08 3089.47 3066.83 3044.83 3026.88 3018.46 3026.04 3050.51 3075.67 3089.33 3093.97 3083.25 3053.65 3009.09 2944.4 2853.98 2738.76 2596.93 2461.61
3381.79 3360.84 3338.15 3313.5 3286.73 3257.99 3227.88 3197.55 3168.51 3142.27 3119.83 3101.55 3087.11 3075.79 3066.73 3059.22 3053.53 3051.66 3051.68 3052.6 3054.55 3057.62 3061.94 3068.6 3079.75 3093.91 3110.56 3129.97 3152.16 3176.56 3201.9 3226.45 3248.4 3266.34 3279.44 3287.49 3290.69 3289.53 3284.61 3276.67 3266.46 3254.71 3241.97 3228.59 3214.62 3199.86 3184.02 3166.79 3147.9 3127.27 3105.01 3081.7 3058.84 3039.23 3027.27 3028.26 3046.03 3074.22 3089.76 3089.94 3075.37 3042.55 2988.47 2909.44 2802.8 2670.67 2526.01 2394.82
