glyphosate_resistance_seau/res/bom_grid_data_1991_to_2020/rh1500h.asc
ncols         501
nrows         361
xllcorner     109.95
yllcorner     -45.05
cellsize      0.1
NODATA_value  -9999
[rows 64 to 95 of 361, columns 144 to 215 of 501]
45.064 44.872 44.674 44.076 44.129 43.921 43.838 43.623 43.363 42.736 42.065 41.854 42.078 41.708 41.502 40.921 40.458 40.334 40.305 40.15 40.005 39.917 39.799 39.715 39.534 39.28 39.043 38.984 38.711 38.375 38.703 38.538 38.788 38.833 38.469 38.681 39.127 39.121 39.089 39.088 38.97 38.835 38.607 38.893 38.935 38.885 38.749 38.745 38.662 38.374 38.263 37.973 38.152 38.265 38.309 37.903 38.222 38.16 38.217 38.207 38.202 38.2 38.123 37.939 37.708 38.032 37.908 38.16 37.793 38.02 38.149 38.286
44.956 44.411 44.546 44.233 43.959 43.119 43.671 42.96 43.1 42.033 41.617 41.092 41.504 41.131 40.916 40.823 40.395 40.123 39.923 39.704 39.581 39.428 39.385 39.29 39.047 38.885 38.481 38.483 38.231 38.169 38.307 38.689 38.27 38.646 38.708 38.491 38.777 38.755 38.579 38.693 38.705 38.75 38.66 38.552 38.196 38.292 38.479 38.32 38.275 38.144 38.007 37.543 37.857 38.01 37.738 37.733 37.623 37.874 37.853 37.845 37.831 37.752 37.566 37.826 37.857 37.729 37.897 37.944 37.857 37.839 37.645 37.87
44.844 44.303 44.139 44.118 43.35 43.58 43.128 42.714 42.76 42.61 41.662 41.602 40.902 40.849 40.668 40.32 40.105 39.905 39.584 39.536 39.374 39.182 39.093 38.857 38.588 38.402 38.241 38.262 38.043 37.884 37.897 38.015 38.118 38.296 38.452 38.41 38.335 38.334 38.038 38.367 38.392 38.403 38.406 38.392 38.234 38.197 38.015 37.562 37.554 37.358 37.154 37.312 37.534 36.973 36.973 37.038 37.512 37.499 37.46 37.454 37.472 37.307 36.922 37.505 36.8 37.529 37.049 37.635 37.638 37.557 37.49 37.708
44.736 44.06 44.011 43.65 43.398 43.21 43.114 42.648 42.261 42.141 41.915 41.713 40.88 40.132 40.19 39.892 39.471 39.608 39.48 39.286 39.09 38.91 38.702 38.486 38.224 38.009 38.051 37.926 37.739 37.578 37.534 37.871 37.214 37.476 37.839 37.776 37.389 37.905 37.49 37.644 37.707 37.431 37.082 38.063 37.816 37.775 37.672 37.585 36.951 36.734 36.591 36.685 36.927 36.797 36.749 37.148 37.116 37.106 37.012 36.854 36.997 36.594 36.423 36.834 37.096 36.616 36.721 37.061 37.256 37.385 37.444 37.495
44.558 44.008 44.121 43.905 43.39 42.829 42.61 42.373 41.585 41.196 41.463 41.164 41.25 39.563 39.538 39.042 39.474 39.323 39.164 38.97 38.636 38.377 38.301 38.223 37.913 37.647 37.57 37.521 37.572 37.536 37.491 37.224 37.32 37.338 37.022 37.397 36.722 37.176 37.406 37.16 37.257 36.947 37.579 37.702 37.337 37.302 37.139 37.176 36.66 36.852 36.68 36.412 36.558 36.627 36.778 36.749 36.703 36.682 36.306 36.387 36.372 36.502 36.502 36.662 36.45 36.331 36.709 36.911 36.714 36.762 36.779 37.116
44.511 44.256 44.013 43.413 43.1 42.365 42.031 41.88 41.511 41.142 40.815 40.687 40.434 40.655 39.097 39.368 39.005 38.819 38.829 38.524 38.17 38.128 37.957 37.87 37.597 37.364 37.42 37.27 37.187 36.932 36.709 36.84 36.235 36.836 36.869 36.99 36.854 36.511 36.924 36.433 36.943 36.471 36.802 36.951 36.732 36.817 36.643 36.746 36.615 36.341 36.21 35.764 36.264 36.391 36.361 36.35 36.243 36.122 36.049 36.11 35.866 36.009 36.174 35.896 35.674 35.79 36.116 36.447 36.548 36.579 36.624 36.515
44.394 44.133 43.597 43.52 42.659 42.599 42.292 41.606 41.242 40.978 40.21 39.904 39.968 39.093 39.063 39.093 38.363 38.613 38.361 38.174 37.949 37.667 37.399 37.385 37.074 37.099 37.026 36.748 36.707 36.41 36.42 36.112 36.275 35.63 35.787 36.303 35.926 35.435 36.268 36.301 36.059 36.499 35.585 36.571 36.197 35.829 36.1 35.969 36.086 36.019 35.915 35.931 35.939 35.933 35.939 35.865 35.683 35.56 35.295 35.733 35.46 35.431 35.724 35.555 35.769 35.842 35.83 36.172 36.216 36.21 36.279 36.256
44.274 44.002 43.724 42.889 42.638 42.39 42.075 41.726 41.445 40.756 40.159 39.791 39.746 39.347 38.917 38.543 38.528 37.83 38.015 37.637 37.572 37.414 37.178 37.107 36.911 36.781 36.63 36.496 36.326 36.07 35.592 35.567 35.515 35.77 35.385 35.403 35.585 35.266 35.493 35.107 35.899 35.391 35.164 35.996 34.9 35.269 35.425 35.568 35.516 35.4 35.498 35.521 35.527 35.536 35.51 35.388 35.047 34.882 34.997 34.996 35.282 35.157 35.322 35.069 35.465 35.444 35.636 35.794 35.87 35.865 35.934 36.027
44.15 43.863 42.895 42.85 42.21 41.791 41.116 41.639 41.279 40.498 40.32 40.01 39.625 39.283 38.297 38.309 37.979 37.683 37.509 37.335 37.245 36.99 36.816 36.578 36.199 35.999 36.282 36.019 35.9 35.205 35.169 34.867 35.006 35.275 35.277 34.772 34.952 34.762 34.703 35.299 35.302 34.067 35.268 35.063 34.958 35.291 35.186 34.943 34.684 34.761 34.974 34.926 34.911 35.09 35.029 34.715 34.73 34.788 34.357 34.539 34.511 34.792 34.833 34.755 34.808 35.039 35.079 35.306 35.44 35.566 35.588 35.625
44.019 42.976 42.892 42.599 42.275 41.804 41.9 41.437 40.316 40.512 40.074 39.693 39.084 39.046 38.588 37.941 37.156 37.43 37.231 36.894 36.659 36.612 36.436 35.925 36.05 35.946 35.808 35.412 35.427 34.919 34.621 34.54 34.365 34.629 34.553 34.565 34.19 34.561 34.625 34.661 34.666 34.652 34.125 34.82 34.801 34.686 34.476 34.309 34.333 34.123 34.177 34.472 34.632 34.639 34.594 34.27 34.048 34.071 34.331 34.31 34.36 34.102 34.322 34.538 34.486 34.493 34.84 34.996 35.109 35.15 35.229 35.079
43.495 43.562 43.24 42.917 42.569 42.161 41.749 41.157 40.857 40.032 39.615 39.356 39.048 38.636 38.342 38 37.346 37.116 36.901 36.527 36.392 36.067 35.974 35.985 35.818 35.595 35.285 35.041 34.619 34.478 34.242 34.093 34.18 34.043 33.891 34.084 34.158 33.854 33.491 33.714 33.458 33.458 33.998 34.206 34.218 34.155 33.814 33.732 33.695 33.553 34.014 34.042 33.994 34.181 34.04 33.561 33.467 33.481 33.668 33.765 33.922 33.97 34.144 33.857 34.269 34.435 34.537 34.642 34.688 34.738 34.826 34.828
43.087 43.161 42.699 42.062 42.228 41.757 40.643 41.01 40.422 39.789 39.057 38.847 38.636 38.055 37.557 37.75 36.848 36.958 36.471 36.415 36.187 35.815 35.357 35.591 35.344 35.12 34.785 34.716 34.47 33.802 33.897 33.705 33.322 33.445 33.033 33.278 32.687 32.869 33.358 33.133 33.473 32.555 33.328 33.64 33.455 33.583 33.371 33.246 33.519 33.541 33.605 33.288 33.673 33.713 33.552 33.028 33.029 33.017 33.117 33.119 33.569 33.34 33.669 33.884 33.975 33.893 34.161 34.145 34.178 34.235 34.373 34.29
43.101 43.086 42.687 41.921 41.646 41.134 41.113 40.543 40.004 39.193 38.992 38.644 38.155 37.791 37.506 37.466 37.108 36.75 36.218 36.197 35.659 35.435 35.338 34.895 34.855 34.709 34.394 34.291 33.847 33.492 33.404 33.204 33.044 33.28 32.478 32.688 32.756 32.762 32.551 32.196 32.878 32.579 32.206 33.066 33.015 32.954 32.684 32.722 32.727 32.96 33.071 33.194 33.149 33.165 32.945 32.769 32.732 32.76 32.766 33.054 32.854 33.024 33.099 33.441 33.537 33.625 33.761 33.846 33.818 33.737 33.773 34.007
42.849 42.195 42.443 41.867 40.86 40.407 40.854 40.292 39.695 39.176 38.672 38.413 37.988 37.28 37.384 37.167 36.594 36.277 36.19 35.867 35.478 34.895 34.776 34.457 34.512 33.865 33.935 33.775 33.322 32.932 32.911 32.615 32.709 32.536 32.1 32.286 32.281 32.025 31.798 31.604 31.443 32.325 32.46 32.486 32.519 32.36 32.104 32.32 31.927 32.546 32.624 32.731 32.393 32.62 32.435 32.33 32.095 32.34 32.276 32.402 32.687 32.841 32.949 32.911 33.049 33.271 33.301 33.332 33.533 33.586 33.635 33.776
42.601 42.595 42.1 41.501 40.967 40.678 40.454 40.126 39.615 38.983 38.649 38.131 37.958 37.516 37.161 36.747 36.573 36.385 35.955 35.564 35.135 34.945 34.561 34.289 34.016 33.877 33.657 33.203 33.081 32.807 32.447 32.43 32.305 31.334 31.769 31.671 31.393 31.588 31.635 31.708 31.757 31.815 31.901 31.928 31.852 31.777 31.597 31.393 31.763 32.016 32.104 32.037 32.117 32.031 32.048 31.927 31.745 31.907 31.955 32.254 32.236 32.427 32.561 32.52 32.677 32.826 32.735 32.951 33.121 33.152 33.298 33.349
42.52 41.846 41.821 41.055 40.9 40.622 39.631 39.766 39.282 39.036 38.361 37.925 37.715 37.354 36.637 36.232 36.365 35.978 35.497 35.228 34.793 34.647 34.262 33.836 33.595 33.474 33.238 32.725 32.571 32.313 32.115 32.121 31.628 31.503 31.283 31.212 30.991 30.706 31.017 31.142 30.778 30.647 31.296 31.473 31.171 31.06 31.209 31.078 31.101 30.827 31.564 31.538 31.529 31.288 31.52 31.228 31.372 31.534 31.649 31.608 31.746 31.898 32.002 32.058 32.236 32.449 32.378 32.579 32.725 32.711 32.768 32.935
42.5 41.941 41.652 40.925 40.629 40.414 39.856 38.806 38.867 38.456 38.273 37.837 37.339 37.068 36.736 36.551 36.18 35.661 35.194 34.79 34.489 34.217 33.856 33.414 33.3 32.765 32.587 32.118 32.056 31.595 31.745 30.957 31.233 30.78 30.741 30.601 30.297 30.598 30.454 30.29 30.267 30.147 30.702 30.894 30.934 30.938 30.845 30.941 30.786 30.596 30.761 30.546 30.909 30.803 30.766 31.031 30.983 31.103 31.095 31.179 31.365 31.439 31.573 31.734 31.872 31.971 32.003 32.189 32.316 32.374 32.393 32.447
42.102 41.798 41.111 40.849 40.528 40.167 39.419 38.943 38.178 37.989 37.555 37.278 37.044 36.76 36.471 36.242 35.823 35.524 35.202 34.751 34.278 34.053 33.642 33.168 32.724 32.505 32.119 31.879 31.573 31.467 31.294 30.922 30.616 30.393 30.435 30.067 30.081 30.14 30.156 29.536 29.512 30.165 30.043 29.838 30.005 30.632 30.465 30.653 30.626 30.524 30.376 30.232 30.513 30.406 30.42 30.52 30.54 30.617 30.682 30.832 30.896 30.941 31.104 31.296 31.399 31.473 31.617 31.819 31.814 32 32.075 32.107
41.874 41.466 40.965 40.693 40.176 39.721 39.375 38.826 38.438 37.467 37.271 37.068 36.85 36.636 36.321 35.972 35.544 35.2 34.911 34.567 34.14 33.727 33.333 32.862 32.309 32.25 31.817 31.577 31.186 31.214 30.139 30.548 30.025 29.953 29.998 29.652 29.575 29.787 29.678 29.557 29.641 29.124 29.584 29.917 30.111 30.053 29.911 30.208 30.225 30.23 30.131 29.978 30.168 30.068 30.049 30.064 30.092 30.181 30.278 30.396 30.476 30.617 30.78 30.831 30.933 31.08 31.222 31.354 31.402 31.507 31.685 31.741
41.59 41.083 40.664 40.365 39.974 39.484 39.077 38.418 37.954 36.808 37.105 35.431 35.641 36.076 36.017 35.077 34.824 34.959 34.566 34.263 33.815 33.451 32.945 32.212 32.269 31.963 31.534 31.203 31 30.681 29.788 30.078 29.788 29.736 29.516 29.319 29.293 29.215 29.234 29.324 29.3 29.339 29.212 29.446 29.581 29.799 29.583 29.735 29.743 29.633 29.794 29.707 29.736 29.756 29.746 29.704 29.624 29.644 29.777 29.97 30.047 30.236 30.284 30.438 30.552 30.74 30.925 30.918 31.006 31.111 31.248 31.384
41.196 40.795 40.398 39.981 39.618 39.234 38.805 38.456 37.947 37.431 36.311 35.379 35.928 35.277 34.966 35.409 34.23 34.595 34.091 33.966 33.224 32.784 32.293 32.188 32.07 31.659 31.103 30.818 30.166 29.915 29.995 29.698 29.609 29.546 29.264 29.084 29.092 29.011 28.984 28.788 28.524 28.912 28.806 29.209 29.276 29.302 29.036 29.199 29.349 29.28 29.224 29 29.235 29.247 29.245 29.26 29.313 29.406 29.44 29.488 29.616 29.858 30.019 30.143 30.332 30.42 30.429 30.465 30.596 30.755 30.856 30.972
40.751 40.412 40.022 39.564 39.169 38.827 38.461 37.649 37.714 37.205 36.664 36.291 34.864 34.803 35.163 34.242 34.714 34.317 33.988 33.507 33.222 32.791 32.47 32.111 31.579 31.055 30.711 30.252 30.121 29.827 29.488 29.326 29.16 29.135 29.113 28.952 28.841 28.749 28.43 28.571 28.388 28.184 28.469 28.906 28.818 28.865 28.654 28.581 28.56 28.863 28.693 28.683 28.689 28.729 28.786 28.911 28.815 28.9 29.042 29.177 29.313 29.384 29.538 29.569 29.941 29.966 30.014 30.138 30.244 30.364 30.397 30.549
40.22 39.981 39.542 39.194 38.718 38.379 38.093 37.705 36.945 36.9 36.381 35.916 35.845 35.442 35.221 34.851 34.107 33.118 32.812 32.494 32.337 31.945 31.605 31.561 31.322 31.047 30.599 30.195 29.887 29.657 29.238 28.97 28.861 28.786 28.612 28.43 28.474 28.329 28.434 28.38 28.19 28.406 28.528 28.511 28.467 28.411 28.219 28.064 28.043 28.405 28.207 28.16 28.184 28.328 28.388 28.391 28.535 28.581 28.637 28.724 28.883 28.982 29.099 29.403 29.394 29.514 29.566 29.712 29.871 29.897 30.02 30.128
39.784 39.518 39.207 38.77 38.396 37.894 37.579 37.215 36.866 36.427 36.088 35.772 35.544 35.001 34.845 34.6 34.257 33.038 33.45 32.574 32.24 31.868 31.694 31.089 31.128 30.616 29.979 29.958 29.63 29.337 28.667 28.738 28.294 28.261 28.159 27.724 27.965 27.909 28.035 27.935 28.109 28.173 28.139 28.052 28.027 28.01 27.836 27.64 27.768 27.927 27.725 27.766 27.787 27.861 27.972 28.051 28.169 28.205 28.369 28.396 28.436 28.65 28.806 28.998 28.947 29.06 29.145 29.342 29.461 29.499 29.625 29.654
39.454 39.168 38.817 38.44 38.017 37.664 37.177 36.838 36.229 36.078 35.724 35.484 35.235 34.955 34.401 34.313 33.917 33.537 32.188 32.32 31.813 31.627 31.637 31.234 30.582 30.383 30.018 29.805 29.117 28.886 28.738 28.329 28.163 28.047 27.95 27.835 27.775 27.795 27.19 27.885 27.826 27.783 27.416 27.629 27.557 27.45 27.462 27.392 27.371 27.448 27.405 27.485 27.544 27.541 27.62 27.608 27.734 27.84 27.964 28.156 28.145 28.223 28.415 28.561 28.611 28.644 28.862 28.969 28.979 29.132 29.244 29.397
39.096 38.789 38.412 38.029 37.689 37.265 36.848 36.408 36.167 35.796 35.453 35.142 34.887 34.58 34.368 34.017 33.621 33.199 32.643 32.195 32.129 31.542 31.33 30.689 30.565 30.242 29.785 29.131 29.077 28.753 28.337 27.945 27.665 27.753 27.565 27.61 27.59 27.366 27.584 27.406 27.187 27.379 27.317 27.18 26.957 26.941 27.095 27.067 27 27.07 26.989 27.188 27.252 27.26 27.279 27.237 27.297 27.357 27.607 27.782 27.917 27.966 28.122 28.134 28.232 28.39 28.455 28.571 28.605 28.738 28.869 28.964
38.648 38.229 38.029 37.679 37.236 36.977 36.615 36.191 35.706 35.517 35.255 34.807 34.721 34.309 34.035 33.629 33.244 32.897 32.458 32.206 31.852 31.485 30.98 30.641 30.167 29.527 28.947 28.946 28.477 28.416 28.022 27.708 27.373 27.301 27.227 26.922 26.529 27.015 27.203 26.94 26.968 26.837 26.899 26.766 26.723 26.741 26.747 26.707 26.77 26.815 26.782 26.82 26.849 26.829 26.947 26.944 26.957 27.122 27.186 27.387 27.527 27.582 27.737 27.699 27.845 27.986 28.092 28.177 28.261 28.334 28.499 28.574
38.278 37.958 37.57 37.301 36.981 36.599 36.19 35.846 35.483 35.188 34.931 34.689 34.394 34.059 33.62 33.322 32.979 32.588 32.225 31.677 31.209 31.02 30.554 30.193 29.787 29.404 29.132 28.875 28.487 28.057 27.741 27.431 27.099 26.96 26.86 26.729 26.825 26.804 26.928 26.632 26.598 26.462 26.531 26.493 26.466 26.404 26.405 26.334 26.449 26.511 26.537 26.541 26.515 26.58 26.606 26.627 26.644 26.748 26.875 26.977 26.968 27.114 27.251 27.372 27.505 27.625 27.715 27.8 27.881 27.947 28.101 28.209
37.873 37.604 37.268 36.956 36.607 36.212 35.889 35.591 35.275 34.953 34.578 34.329 34.072 33.736 33.395 33.05 32.567 32.268 31.695 31.55 30.956 30.678 30.278 29.929 29.696 29.391 28.212 28.392 28.181 27.827 27.489 27.136 26.71 26.7 26.541 26.542 26.646 26.654 26.532 26.382 26.271 26.238 26.197 26.146 26.118 26.119 26.086 25.968 26.122 26.154 26.241 26.186 26.22 26.333 26.339 26.242 26.298 26.395 26.523 26.608 26.738 26.753 26.858 26.935 27.095 27.253 27.341 27.435 27.534 27.621 27.702 27.831
37.416 37.195 36.842 36.5 36.261 35.898 35.591 35.287 35.007 34.702 34.386 34.082 33.724 33.377 33.044 32.717 32.394 31.956 31.716 30.875 30.974 30.685 30.311 29.972 29.463 28.92 28.618 28.219 27.949 27.594 27.254 26.887 26.658 26.265 26.395 26.486 26.463 26.044 26.057 25.992 26.016 26.014 25.915 25.841 25.856 25.874 25.88 25.893 25.889 25.861 25.946 25.91 25.828 25.918 25.951 25.975 25.941 26.024 26.162 26.267 26.407 26.505 26.582 26.664 26.765 26.897 26.99 27.085 27.185 27.186 27.332 27.486
36.974 36.801 36.521 36.086 35.938 35.637 35.33 34.981 34.717 34.404 34.094 33.774 33.434 32.986 32.506 32.213 31.972 31.624 31.299 30.638 30.288 29.99 30.098 29.575 29.154 28.817 28.425 28.067 27.741 27.393 26.989 26.66 26.444 26.374 26.286 26.234 26.202 26 25.831 25.81 25.789 25.771 25.655 25.645 25.674 25.678 25.667 25.64 25.628 25.646 25.667 25.644 25.656 25.683 25.686 25.614 25.66 25.743 25.845 25.944 26.059 26.123 26.264 26.357 26.45 26.547 26.659 26.754 26.794 26.817 26.944 27.089
36.602 36.399 36.146 35.881 35.58 35.291 34.994 34.696 34.392 34.082 33.773 33.456 33.101 32.747 32.326 31.79 31.735 31.305 31.059 30.246 30.196 29.98 29.78 29.393 28.995 28.584 28.141 27.887 27.545 27.177 26.848 26.458 26.207 26.099 25.994 26.024 25.944 25.821 25.653 25.619 25.597 25.566 25.492 25.485 25.425 25.377 25.358 25.38 25.372 25.384 25.373 25.349 25.363 25.37 25.385 25.345 25.423 25.415 25.482 25.587 25.658 25.729 25.91 26.021 26.112 26.205 26.305 26.418 26.441 26.457 26.61 26.725
