glyphosate_resistance_seau/res/bom_grid_data_1991_to_2020/rh1500h.asc
ncols         501
nrows         361
xllcorner     109.95
yllcorner     -45.05
cellsize      0.1
NODATA_value  -9999
[rows 320 to 351 of 361, columns 216 to 287 of 501]
76.243 76.272 76.3 76.328 76.355 76.381 76.407 76.433 76.458 76.482 76.505 76.528 76.549 76.57 76.59 76.609 76.627 76.644 76.66 76.674 76.687 76.699 76.71 76.719 76.726 76.732 76.736 76.738 76.738 76.737 76.734 76.728 76.721 76.711 76.699 76.685 76.669 76.65 76.629 76.605 76.579 76.551 76.52 76.487 76.451 76.412 76.372 76.328 76.283 76.235 76.184 76.132 76.077 76.02 75.961 75.9 75.837 75.772 75.706 75.639 75.569 75.499 75.428 75.356 75.283 75.209 75.135 75.06 74.986 74.911 74.837 74.763
76.366 76.394 76.422 76.449 76.476 76.502 76.528 76.553 76.577 76.601 76.623 76.646 76.667 76.687 76.707 76.725 76.742 76.759 76.774 76.788 76.8 76.812 76.822 76.83 76.837 76.842 76.846 76.848 76.848 76.846 76.843 76.837 76.83 76.82 76.808 76.794 76.778 76.759 76.739 76.716 76.69 76.662 76.632 76.6 76.565 76.527 76.488 76.446 76.401 76.355 76.306 76.255 76.202 76.147 76.09 76.031 75.97 75.908 75.844 75.779 75.713 75.645 75.576 75.507 75.437 75.366 75.294 75.223 75.151 75.08 75.009 74.938
76.487 76.515 76.542 76.569 76.595 76.621 76.646 76.67 76.694 76.717 76.74 76.761 76.782 76.802 76.821 76.839 76.856 76.872 76.886 76.9 76.912 76.923 76.932 76.94 76.946 76.951 76.955 76.956 76.956 76.954 76.95 76.945 76.937 76.927 76.916 76.902 76.886 76.868 76.847 76.824 76.8 76.772 76.743 76.711 76.677 76.641 76.602 76.562 76.519 76.473 76.426 76.377 76.325 76.272 76.217 76.16 76.102 76.042 75.98 75.917 75.853 75.788 75.722 75.655 75.588 75.519 75.451 75.382 75.313 75.244 75.176 75.108
76.605 76.633 76.66 76.686 76.712 76.738 76.762 76.786 76.81 76.832 76.854 76.875 76.896 76.915 76.933 76.951 76.967 76.983 76.997 77.01 77.021 77.032 77.041 77.048 77.054 77.059 77.062 77.063 77.063 77.061 77.057 77.051 77.043 77.033 77.022 77.008 76.992 76.974 76.954 76.932 76.908 76.881 76.852 76.821 76.788 76.753 76.716 76.676 76.634 76.59 76.545 76.497 76.447 76.396 76.343 76.288 76.231 76.173 76.114 76.053 75.992 75.929 75.865 75.801 75.736 75.67 75.604 75.538 75.472 75.405 75.339 75.274
76.722 76.749 76.776 76.802 76.827 76.852 76.877 76.9 76.923 76.945 76.967 76.988 77.007 77.026 77.044 77.061 77.077 77.092 77.106 77.118 77.129 77.139 77.148 77.155 77.161 77.165 77.168 77.169 77.168 77.166 77.162 77.156 77.148 77.138 77.127 77.113 77.098 77.08 77.06 77.039 77.015 76.989 76.961 76.931 76.898 76.864 76.827 76.789 76.749 76.706 76.662 76.616 76.568 76.518 76.466 76.413 76.359 76.303 76.245 76.187 76.127 76.067 76.006 75.943 75.881 75.817 75.754 75.69 75.626 75.563 75.499 75.436
76.837 76.864 76.89 76.916 76.941 76.965 76.989 77.012 77.035 77.057 77.078 77.098 77.117 77.136 77.153 77.17 77.185 77.199 77.213 77.225 77.236 77.245 77.253 77.26 77.266 77.27 77.272 77.273 77.272 77.269 77.265 77.259 77.251 77.242 77.23 77.217 77.202 77.184 77.165 77.144 77.12 77.095 77.068 77.038 77.007 76.973 76.938 76.901 76.861 76.82 76.777 76.732 76.686 76.638 76.588 76.537 76.484 76.43 76.375 76.318 76.261 76.202 76.143 76.083 76.023 75.962 75.901 75.839 75.778 75.716 75.655 75.594
76.95 76.976 77.002 77.027 77.052 77.076 77.1 77.123 77.145 77.166 77.187 77.206 77.225 77.243 77.26 77.276 77.291 77.305 77.318 77.33 77.34 77.35 77.357 77.364 77.369 77.373 77.375 77.375 77.374 77.372 77.367 77.361 77.354 77.344 77.333 77.319 77.304 77.287 77.268 77.248 77.225 77.2 77.173 77.145 77.114 77.082 77.047 77.011 76.973 76.933 76.891 76.848 76.803 76.756 76.708 76.658 76.607 76.555 76.502 76.447 76.392 76.335 76.278 76.22 76.162 76.103 76.044 75.985 75.925 75.866 75.807 75.748
77.061 77.087 77.113 77.138 77.162 77.186 77.209 77.231 77.253 77.274 77.294 77.313 77.332 77.349 77.366 77.382 77.396 77.41 77.422 77.434 77.444 77.452 77.46 77.466 77.471 77.474 77.476 77.477 77.476 77.473 77.468 77.462 77.455 77.445 77.434 77.421 77.406 77.389 77.371 77.35 77.328 77.304 77.278 77.25 77.22 77.188 77.155 77.12 77.083 77.044 77.004 76.962 76.918 76.873 76.826 76.778 76.729 76.678 76.627 76.574 76.52 76.466 76.411 76.355 76.298 76.242 76.184 76.127 76.07 76.013 75.955 75.899
77.17 77.196 77.221 77.246 77.27 77.293 77.316 77.338 77.359 77.38 77.4 77.419 77.437 77.454 77.47 77.485 77.499 77.513 77.525 77.536 77.545 77.554 77.561 77.567 77.571 77.575 77.576 77.577 77.575 77.572 77.568 77.562 77.554 77.545 77.534 77.521 77.506 77.49 77.472 77.452 77.43 77.406 77.381 77.354 77.325 77.294 77.261 77.227 77.191 77.154 77.114 77.074 77.031 76.988 76.942 76.896 76.848 76.799 76.749 76.698 76.647 76.594 76.54 76.486 76.432 76.377 76.322 76.266 76.211 76.156 76.1 76.045
77.278 77.303 77.328 77.352 77.376 77.399 77.422 77.443 77.464 77.484 77.504 77.522 77.54 77.557 77.572 77.587 77.601 77.614 77.626 77.636 77.646 77.654 77.661 77.666 77.671 77.674 77.675 77.675 77.674 77.671 77.666 77.66 77.653 77.643 77.632 77.62 77.605 77.589 77.571 77.552 77.531 77.508 77.483 77.456 77.428 77.398 77.366 77.333 77.298 77.262 77.224 77.184 77.143 77.101 77.057 77.012 76.966 76.918 76.87 76.821 76.77 76.719 76.668 76.615 76.563 76.51 76.456 76.403 76.349 76.295 76.242 76.189
77.384 77.409 77.433 77.457 77.481 77.503 77.525 77.547 77.567 77.587 77.606 77.624 77.641 77.658 77.673 77.688 77.701 77.714 77.725 77.735 77.744 77.752 77.759 77.764 77.769 77.771 77.773 77.773 77.771 77.768 77.764 77.757 77.75 77.741 77.73 77.717 77.703 77.687 77.67 77.651 77.63 77.608 77.583 77.557 77.53 77.501 77.47 77.438 77.404 77.368 77.331 77.293 77.253 77.212 77.169 77.126 77.081 77.035 76.988 76.941 76.892 76.843 76.793 76.742 76.691 76.639 76.588 76.536 76.484 76.432 76.38 76.328
77.488 77.513 77.537 77.561 77.584 77.606 77.628 77.649 77.669 77.688 77.707 77.725 77.742 77.758 77.773 77.787 77.8 77.812 77.823 77.833 77.842 77.85 77.856 77.861 77.865 77.868 77.869 77.869 77.867 77.864 77.859 77.853 77.846 77.837 77.826 77.814 77.8 77.784 77.767 77.749 77.728 77.706 77.683 77.657 77.631 77.602 77.572 77.541 77.508 77.473 77.437 77.4 77.361 77.322 77.28 77.238 77.195 77.15 77.105 77.058 77.011 76.963 76.915 76.866 76.816 76.766 76.716 76.666 76.615 76.565 76.515 76.464
77.591 77.615 77.639 77.663 77.685 77.707 77.728 77.749 77.769 77.788 77.806 77.824 77.84 77.856 77.871 77.885 77.897 77.909 77.92 77.93 77.938 77.945 77.952 77.957 77.96 77.963 77.964 77.963 77.962 77.959 77.954 77.948 77.941 77.932 77.921 77.909 77.895 77.88 77.863 77.845 77.825 77.804 77.781 77.756 77.73 77.702 77.673 77.642 77.61 77.577 77.542 77.506 77.468 77.429 77.389 77.348 77.306 77.263 77.219 77.174 77.128 77.082 77.035 76.987 76.939 76.891 76.842 76.793 76.744 76.695 76.646 76.597
77.692 77.716 77.74 77.763 77.785 77.807 77.828 77.848 77.868 77.886 77.904 77.921 77.938 77.953 77.967 77.981 77.993 78.005 78.015 78.025 78.033 78.04 78.046 78.051 78.054 78.056 78.057 78.057 78.055 78.052 78.048 78.042 78.034 78.025 78.015 78.003 77.99 77.975 77.958 77.941 77.921 77.9 77.878 77.854 77.828 77.801 77.773 77.743 77.712 77.679 77.645 77.61 77.573 77.536 77.497 77.457 77.416 77.374 77.331 77.288 77.243 77.198 77.152 77.106 77.059 77.012 76.965 76.917 76.87 76.822 76.774 76.727
77.792 77.816 77.839 77.862 77.884 77.905 77.926 77.945 77.965 77.983 78.001 78.017 78.033 78.048 78.063 78.076 78.088 78.099 78.109 78.118 78.126 78.133 78.139 78.144 78.147 78.149 78.15 78.149 78.148 78.144 78.14 78.134 78.127 78.118 78.108 78.096 78.083 78.068 78.052 78.035 78.016 77.995 77.973 77.95 77.925 77.899 77.871 77.842 77.811 77.78 77.747 77.712 77.677 77.64 77.602 77.564 77.524 77.483 77.441 77.399 77.356 77.312 77.267 77.223 77.177 77.131 77.085 77.039 76.992 76.946 76.9 76.853
77.89 77.914 77.937 77.959 77.981 78.002 78.022 78.042 78.06 78.078 78.096 78.112 78.128 78.143 78.156 78.169 78.181 78.192 78.202 78.211 78.219 78.225 78.231 78.235 78.238 78.24 78.241 78.241 78.239 78.236 78.231 78.225 78.218 78.209 78.199 78.188 78.175 78.161 78.145 78.128 78.109 78.089 78.068 78.045 78.02 77.995 77.968 77.939 77.91 77.879 77.847 77.813 77.779 77.743 77.706 77.668 77.63 77.59 77.55 77.508 77.466 77.424 77.38 77.337 77.292 77.248 77.203 77.158 77.112 77.067 77.022 76.976
77.987 78.01 78.033 78.055 78.076 78.097 78.117 78.136 78.155 78.173 78.189 78.206 78.221 78.235 78.249 78.262 78.273 78.284 78.294 78.302 78.31 78.316 78.322 78.326 78.329 78.331 78.331 78.331 78.329 78.326 78.321 78.315 78.308 78.3 78.29 78.278 78.266 78.252 78.236 78.219 78.201 78.182 78.161 78.138 78.115 78.09 78.063 78.036 78.007 77.976 77.945 77.913 77.879 77.844 77.808 77.772 77.734 77.695 77.656 77.616 77.575 77.533 77.491 77.448 77.405 77.362 77.318 77.274 77.23 77.185 77.141 77.097
78.082 78.105 78.128 78.149 78.17 78.191 78.211 78.23 78.248 78.265 78.282 78.298 78.313 78.327 78.34 78.353 78.364 78.374 78.384 78.392 78.4 78.406 78.411 78.415 78.418 78.42 78.42 78.42 78.418 78.414 78.41 78.404 78.397 78.389 78.379 78.368 78.355 78.342 78.327 78.31 78.292 78.273 78.253 78.231 78.208 78.183 78.157 78.13 78.102 78.073 78.042 78.01 77.978 77.944 77.909 77.873 77.836 77.799 77.76 77.721 77.681 77.641 77.6 77.558 77.516 77.473 77.431 77.388 77.344 77.301 77.258 77.214
78.176 78.199 78.221 78.243 78.263 78.283 78.303 78.322 78.339 78.357 78.373 78.389 78.403 78.417 78.43 78.442 78.454 78.464 78.473 78.481 78.488 78.494 78.499 78.503 78.506 78.508 78.508 78.507 78.505 78.502 78.498 78.492 78.485 78.477 78.467 78.456 78.444 78.431 78.416 78.4 78.382 78.363 78.343 78.322 78.299 78.275 78.25 78.224 78.196 78.168 78.138 78.107 78.075 78.042 78.008 77.973 77.937 77.9 77.863 77.825 77.786 77.746 77.706 77.665 77.624 77.583 77.541 77.499 77.456 77.414 77.371 77.329
78.269 78.291 78.313 78.334 78.355 78.375 78.394 78.412 78.43 78.447 78.463 78.478 78.493 78.506 78.519 78.531 78.542 78.552 78.561 78.569 78.576 78.582 78.587 78.59 78.593 78.594 78.595 78.594 78.592 78.589 78.584 78.579 78.572 78.564 78.554 78.544 78.532 78.518 78.504 78.488 78.471 78.452 78.433 78.412 78.39 78.366 78.342 78.316 78.289 78.261 78.232 78.202 78.171 78.138 78.105 78.071 78.036 78 77.963 77.926 77.888 77.849 77.81 77.77 77.73 77.69 77.649 77.607 77.566 77.524 77.482 77.44
78.361 78.383 78.404 78.425 78.445 78.465 78.484 78.502 78.519 78.536 78.552 78.567 78.581 78.594 78.607 78.618 78.629 78.639 78.648 78.655 78.662 78.668 78.673 78.676 78.679 78.68 78.68 78.68 78.678 78.674 78.67 78.664 78.658 78.65 78.64 78.63 78.618 78.605 78.591 78.575 78.558 78.54 78.521 78.501 78.479 78.456 78.432 78.407 78.381 78.353 78.325 78.295 78.265 78.233 78.201 78.167 78.133 78.098 78.062 78.026 77.989 77.951 77.912 77.873 77.834 77.794 77.754 77.714 77.673 77.632 77.591 77.55
78.451 78.473 78.494 78.514 78.534 78.554 78.572 78.59 78.607 78.623 78.639 78.654 78.668 78.681 78.693 78.705 78.715 78.725 78.733 78.741 78.747 78.753 78.758 78.761 78.763 78.765 78.765 78.764 78.762 78.759 78.755 78.749 78.742 78.734 78.725 78.715 78.703 78.69 78.676 78.661 78.645 78.627 78.608 78.588 78.567 78.545 78.521 78.497 78.471 78.444 78.416 78.387 78.357 78.327 78.295 78.262 78.229 78.195 78.16 78.124 78.087 78.05 78.013 77.975 77.936 77.897 77.857 77.818 77.778 77.737 77.697 77.656
78.54 78.561 78.582 78.602 78.622 78.641 78.659 78.677 78.694 78.71 78.725 78.74 78.754 78.766 78.779 78.79 78.8 78.809 78.818 78.825 78.832 78.837 78.841 78.845 78.847 78.848 78.849 78.848 78.846 78.842 78.838 78.833 78.826 78.818 78.809 78.799 78.788 78.775 78.761 78.746 78.73 78.713 78.694 78.675 78.654 78.632 78.609 78.585 78.56 78.534 78.506 78.478 78.449 78.419 78.388 78.356 78.323 78.289 78.255 78.22 78.184 78.148 78.111 78.074 78.036 77.997 77.958 77.919 77.88 77.84 77.8 77.76
78.627 78.649 78.669 78.689 78.709 78.728 78.746 78.763 78.78 78.795 78.811 78.825 78.838 78.851 78.863 78.874 78.884 78.893 78.901 78.908 78.915 78.92 78.924 78.928 78.93 78.931 78.931 78.93 78.928 78.925 78.921 78.915 78.909 78.901 78.892 78.882 78.871 78.858 78.845 78.83 78.814 78.797 78.779 78.76 78.74 78.718 78.696 78.672 78.647 78.622 78.595 78.567 78.539 78.509 78.479 78.447 78.415 78.382 78.349 78.314 78.279 78.244 78.207 78.171 78.133 78.096 78.058 78.019 77.98 77.941 77.902 77.862
78.714 78.735 78.755 78.775 78.794 78.813 78.831 78.848 78.864 78.88 78.895 78.909 78.922 78.934 78.946 78.957 78.966 78.975 78.983 78.991 78.997 79.002 79.006 79.009 79.011 79.013 79.013 79.012 79.009 79.006 79.002 78.997 78.99 78.983 78.974 78.964 78.953 78.941 78.928 78.913 78.898 78.881 78.863 78.844 78.824 78.803 78.781 78.758 78.734 78.709 78.682 78.655 78.627 78.598 78.568 78.538 78.506 78.474 78.441 78.407 78.373 78.338 78.302 78.266 78.229 78.192 78.155 78.117 78.078 78.04 78.001 77.961
78.799 78.82 78.84 78.86 78.879 78.897 78.915 78.931 78.948 78.963 78.978 78.991 79.004 79.017 79.028 79.039 79.048 79.057 79.065 79.072 79.078 79.083 79.087 79.09 79.092 79.093 79.093 79.092 79.09 79.087 79.083 79.077 79.071 79.063 79.055 79.045 79.034 79.022 79.009 78.995 78.98 78.963 78.946 78.927 78.908 78.887 78.865 78.843 78.819 78.794 78.768 78.742 78.714 78.686 78.657 78.626 78.595 78.564 78.531 78.498 78.464 78.43 78.395 78.359 78.323 78.287 78.25 78.212 78.174 78.136 78.098 78.059
78.884 78.904 78.924 78.943 78.962 78.98 78.997 79.014 79.03 79.045 79.059 79.073 79.086 79.098 79.109 79.119 79.129 79.137 79.145 79.152 79.158 79.163 79.167 79.17 79.172 79.173 79.173 79.172 79.169 79.166 79.162 79.157 79.151 79.143 79.135 79.125 79.114 79.103 79.09 79.076 79.061 79.045 79.028 79.009 78.99 78.97 78.948 78.926 78.903 78.879 78.853 78.827 78.8 78.772 78.743 78.714 78.683 78.652 78.62 78.588 78.554 78.521 78.486 78.451 78.415 78.379 78.343 78.306 78.268 78.23 78.192 78.154
78.967 78.987 79.007 79.026 79.044 79.062 79.079 79.096 79.111 79.126 79.14 79.154 79.166 79.178 79.189 79.199 79.209 79.217 79.225 79.231 79.237 79.242 79.246 79.248 79.25 79.251 79.251 79.25 79.248 79.245 79.241 79.236 79.229 79.222 79.214 79.204 79.194 79.182 79.169 79.156 79.141 79.125 79.108 79.09 79.071 79.051 79.03 79.008 78.986 78.962 78.937 78.911 78.885 78.857 78.829 78.8 78.77 78.739 78.708 78.676 78.643 78.61 78.576 78.541 78.506 78.47 78.434 78.397 78.36 78.323 78.285 78.247
79.049 79.069 79.088 79.107 79.125 79.143 79.16 79.176 79.191 79.206 79.22 79.233 79.246 79.257 79.268 79.278 79.287 79.296 79.303 79.309 79.315 79.32 79.323 79.326 79.328 79.329 79.329 79.328 79.326 79.323 79.318 79.313 79.307 79.3 79.291 79.282 79.272 79.26 79.248 79.234 79.22 79.204 79.188 79.17 79.151 79.132 79.111 79.09 79.067 79.044 79.019 78.994 78.968 78.941 78.913 78.884 78.855 78.825 78.794 78.762 78.73 78.697 78.663 78.629 78.595 78.559 78.523 78.487 78.451 78.413 78.376 78.338
79.13 79.15 79.169 79.188 79.206 79.223 79.24 79.255 79.271 79.285 79.299 79.312 79.324 79.336 79.346 79.356 79.365 79.373 79.38 79.387 79.392 79.397 79.4 79.403 79.405 79.406 79.406 79.404 79.402 79.399 79.395 79.39 79.384 79.377 79.369 79.359 79.349 79.338 79.326 79.312 79.298 79.283 79.266 79.249 79.231 79.211 79.191 79.17 79.148 79.125 79.101 79.076 79.05 79.023 78.996 78.968 78.939 78.909 78.878 78.847 78.815 78.783 78.75 78.716 78.682 78.647 78.611 78.575 78.539 78.502 78.465 78.427
79.21 79.23 79.249 79.267 79.285 79.302 79.318 79.334 79.349 79.363 79.377 79.39 79.402 79.413 79.423 79.433 79.442 79.45 79.457 79.463 79.468 79.473 79.477 79.479 79.481 79.482 79.481 79.48 79.478 79.475 79.471 79.466 79.46 79.453 79.445 79.436 79.425 79.414 79.402 79.389 79.375 79.36 79.344 79.327 79.309 79.29 79.27 79.249 79.227 79.204 79.181 79.156 79.131 79.105 79.077 79.05 79.021 78.992 78.962 78.931 78.899 78.867 78.834 78.801 78.767 78.733 78.698 78.662 78.626 78.589 78.552 78.515
79.289 79.308 79.327 79.345 79.363 79.38 79.396 79.412 79.426 79.44 79.454 79.466 79.478 79.489 79.5 79.509 79.518 79.526 79.533 79.539 79.544 79.548 79.552 79.554 79.556 79.557 79.556 79.555 79.553 79.55 79.546 79.541 79.535 79.528 79.52 79.511 79.501 79.49 79.478 79.465 79.451 79.436 79.42 79.404 79.386 79.367 79.347 79.327 79.305 79.283 79.26 79.235 79.21 79.185 79.158 79.13 79.102 79.073 79.044 79.013 78.982 78.95 78.918 78.885 78.851 78.817 78.782 78.747 78.711 78.675 78.638 78.6
