glyphosate_resistance_seau/res/bom_grid_data_1991_to_2020/rh1500h.asc
ncols         501
nrows         361
xllcorner     109.95
yllcorner     -45.05
cellsize      0.1
NODATA_value  -9999
[rows 256 to 287 of 361, columns 216 to 287 of 501]
60.864 60.803 60.739 60.673 60.604 60.534 60.461 60.387 60.311 60.233 60.154 60.075 59.994 59.912 59.831 59.749 59.666 59.584 59.503 59.422 59.341 59.262 59.183 59.106 59.031 58.956 58.884 58.814 58.745 58.679 58.615 58.553 58.493 58.436 58.381 58.308 58.276 58.225 58.175 58.118 58.02 57.785 57.673 57.896 57.829 57.748 57.655 57.547 57.421 57.277 57.111 56.923 56.714 56.483 56.231 55.96 55.671 55.366 55.047 54.715 54.247 53.893 53.607 53.281 52.901 52.513 52.117 51.716 51.307 50.879 50.448 50.002
61.238 61.181 61.123 61.062 60.999 60.934 60.868 60.801 60.732 60.661 60.59 60.518 60.446 60.373 60.3 60.228 60.155 60.083 60.012 59.941 59.872 59.804 59.738 59.673 59.61 59.549 59.491 59.435 59.382 59.331 59.283 59.239 59.197 59.158 59.122 59.088 59.057 59.027 58.999 58.952 58.844 58.75 58.644 58.835 58.784 58.722 58.644 58.549 58.432 58.291 58.124 57.931 57.71 57.464 57.194 56.902 56.59 56.261 55.917 55.56 55.085 54.716 54.295 54.035 53.634 53.227 52.815 52.398 51.977 51.544 51.102 50.454
61.609 61.557 61.504 61.448 61.391 61.332 61.272 61.211 61.149 61.086 61.023 60.958 60.894 60.83 60.766 60.702 60.639 60.577 60.515 60.455 60.397 60.34 60.285 60.233 60.182 60.135 60.09 60.048 60.01 59.974 59.942 59.914 59.89 59.869 59.851 59.837 59.826 59.818 59.811 59.75 59.764 59.694 59.776 59.761 59.73 59.69 59.63 59.549 59.443 59.307 59.14 58.941 58.71 58.448 58.158 57.844 57.508 57.154 56.785 56.391 55.907 55.478 55.15 54.787 54.367 53.943 53.514 53.083 52.65 52.211 51.775 50.985
61.978 61.931 61.882 61.832 61.78 61.727 61.673 61.619 61.563 61.507 61.451 61.394 61.338 61.282 61.226 61.171 61.117 61.064 61.013 60.963 60.915 60.869 60.826 60.785 60.747 60.712 60.68 60.652 60.627 60.607 60.59 60.578 60.57 60.567 60.568 60.573 60.582 60.594 60.609 60.626 60.643 60.659 60.671 60.652 60.671 60.651 60.612 60.548 60.454 60.325 60.159 59.954 59.711 59.432 59.122 58.783 58.422 58.042 57.647 57.221 56.747 56.291 55.961 55.536 55.098 54.657 54.214 53.769 53.324 52.878 52.365 51.675
62.344 62.301 62.257 62.212 62.166 62.119 62.071 62.022 61.973 61.924 61.875 61.825 61.777 61.728 61.681 61.635 61.589 61.546 61.504 61.464 61.426 61.39 61.358 61.328 61.302 61.279 61.26 61.245 61.234 61.228 61.226 61.229 61.237 61.251 61.269 61.293 61.321 61.353 61.39 61.428 61.469 61.509 61.546 61.576 61.574 61.602 61.578 61.543 61.464 61.345 61.181 60.97 60.713 60.415 60.076 59.628 59.244 58.834 58.45 58.055 57.6 57.13 56.731 56.278 55.822 55.366 54.909 54.452 53.997 53.542 52.945 51.78
62.707 62.669 62.629 62.589 62.548 62.506 62.464 62.422 62.379 62.336 62.294 62.252 62.21 62.17 62.13 62.092 62.055 62.02 61.987 61.957 61.928 61.903 61.881 61.862 61.847 61.836 61.829 61.826 61.828 61.835 61.848 61.865 61.889 61.918 61.954 61.995 62.041 62.093 62.15 62.21 62.274 62.338 62.4 62.458 62.506 62.54 62.551 62.531 62.472 62.365 62.204 61.986 61.714 61.394 61.002 60.572 60.133 59.74 59.33 58.875 58.389 57.93 57.48 57.01 56.538 56.068 55.598 55.131 54.665 54.044 53.32 52.911
63.067 63.033 62.998 62.962 62.926 62.89 62.853 62.817 62.78 62.744 62.708 62.673 62.638 62.605 62.573 62.543 62.514 62.487 62.463 62.442 62.423 62.407 62.395 62.386 62.381 62.381 62.385 62.395 62.409 62.429 62.454 62.486 62.524 62.568 62.619 62.676 62.74 62.811 62.887 62.968 63.054 63.142 63.23 63.316 63.393 63.457 63.5 63.509 63.475 63.384 63.228 63.002 62.711 62.364 61.962 61.503 61.094 60.634 60.158 59.676 59.19 58.703 58.215 57.728 57.242 56.759 56.278 55.801 55.327 54.743 54.233 53.41
63.423 63.393 63.362 63.332 63.3 63.269 63.238 63.207 63.176 63.146 63.116 63.088 63.06 63.034 63.009 62.986 62.966 62.947 62.931 62.918 62.908 62.901 62.898 62.899 62.905 62.915 62.929 62.95 62.975 63.007 63.045 63.089 63.14 63.198 63.263 63.336 63.416 63.503 63.598 63.699 63.805 63.916 64.03 64.143 64.251 64.349 64.426 64.471 64.468 64.399 64.25 64.015 63.7 63.317 62.892 62.432 61.95 61.456 60.954 60.448 59.941 59.435 58.931 58.43 57.932 57.437 56.947 56.461 55.979 55.419 54.472 53.996
63.775 63.749 63.723 63.697 63.67 63.644 63.618 63.592 63.567 63.543 63.519 63.497 63.476 63.456 63.439 63.423 63.409 63.399 63.39 63.385 63.383 63.385 63.391 63.401 63.416 63.435 63.46 63.49 63.526 63.569 63.618 63.674 63.737 63.807 63.886 63.972 64.066 64.169 64.28 64.398 64.524 64.656 64.793 64.933 65.071 65.203 65.319 65.406 65.443 65.405 65.267 65.018 64.67 64.249 63.78 63.282 62.767 62.244 61.718 61.191 60.666 60.144 59.626 59.112 58.603 58.099 57.601 57.108 56.502 55.582 55.021 54.805
64.123 64.101 64.079 64.057 64.036 64.014 63.993 63.973 63.953 63.934 63.916 63.9 63.885 63.872 63.861 63.852 63.845 63.842 63.841 63.843 63.849 63.859 63.873 63.891 63.914 63.943 63.976 64.016 64.061 64.114 64.173 64.239 64.313 64.394 64.484 64.582 64.689 64.805 64.93 65.063 65.205 65.356 65.513 65.677 65.843 66.008 66.164 66.297 66.385 66.39 66.268 65.999 65.607 65.136 64.622 64.086 63.541 62.992 62.444 61.9 61.359 60.824 60.295 59.772 59.255 58.743 58.239 57.438 56.9 56.54 55.96 55.711
64.467 64.449 64.431 64.413 64.396 64.379 64.363 64.347 64.333 64.319 64.307 64.297 64.287 64.28 64.275 64.273 64.273 64.276 64.282 64.291 64.304 64.321 64.343 64.369 64.4 64.436 64.478 64.526 64.58 64.641 64.708 64.784 64.867 64.958 65.057 65.165 65.283 65.409 65.545 65.691 65.847 66.011 66.185 66.367 66.556 66.748 66.939 67.118 67.263 67.326 67.23 66.93 66.479 65.954 65.398 64.83 64.259 63.338 63.127 62.567 62.004 61.474 60.937 60.407 59.884 59.359 58.303 57.909 57.461 57.113 56.742 56.422
64.807 64.792 64.778 64.765 64.752 64.739 64.728 64.717 64.707 64.699 64.692 64.686 64.683 64.681 64.682 64.685 64.692 64.701 64.713 64.729 64.749 64.773 64.801 64.834 64.872 64.915 64.964 65.02 65.081 65.149 65.225 65.308 65.398 65.497 65.605 65.721 65.846 65.981 66.125 66.28 66.444 66.619 66.803 66.997 67.2 67.41 67.623 67.833 68.022 68.143 68.08 67.742 67.236 66.566 65.824 65.482 64.772 64.129 63.685 63.194 62.639 62.09 61.549 61.015 60.489 59.97 59.46 58.956 58.46 57.972 57.491 57.018
65.142 65.131 65.121 65.111 65.102 65.094 65.086 65.08 65.075 65.071 65.069 65.069 65.071 65.075 65.081 65.09 65.102 65.116 65.135 65.156 65.182 65.212 65.247 65.286 65.33 65.38 65.435 65.497 65.565 65.64 65.721 65.81 65.907 66.012 66.125 66.248 66.379 66.519 66.669 66.828 66.998 67.177 67.366 67.563 67.77 67.983 68.2 68.413 68.606 68.731 68.789 68.109 67.289 67.222 66.602 65.914 65.269 64.826 64.285 63.724 63.181 62.604 62.129 61.483 60.867 60.551 60.04 59.537 59.042 58.554 58.074 57.601
65.472 65.465 65.458 65.452 65.447 65.443 65.44 65.438 65.437 65.438 65.44 65.445 65.451 65.46 65.471 65.485 65.502 65.523 65.546 65.573 65.605 65.64 65.68 65.725 65.775 65.83 65.891 65.958 66.031 66.111 66.198 66.292 66.393 66.502 66.62 66.746 66.88 67.023 67.175 67.336 67.506 67.685 67.871 68.065 68.265 68.468 68.668 68.856 69.01 69.082 69.057 68.723 68.247 67.625 67.001 66.419 65.981 65.42 64.825 64.295 63.757 63.216 62.678 62.147 61.623 61.108 60.599 60.099 59.605 59.12 58.642 58.171
65.798 65.794 65.791 65.788 65.787 65.786 65.787 65.789 65.793 65.798 65.804 65.813 65.824 65.838 65.854 65.872 65.894 65.919 65.947 65.979 66.016 66.056 66.101 66.15 66.205 66.265 66.33 66.402 66.479 66.563 66.654 66.751 66.856 66.968 67.088 67.215 67.351 67.494 67.646 67.805 67.971 68.144 68.323 68.506 68.691 68.873 69.044 69.192 69.293 69.309 69.194 68.73 68.535 68.059 67.54 66.989 66.459 65.907 65.306 64.773 64.265 63.727 63.195 62.67 62.152 61.641 61.137 60.641 60.152 59.67 59.195 58.728
66.119 66.118 66.118 66.119 66.121 66.124 66.129 66.134 66.142 66.151 66.161 66.174 66.19 66.207 66.227 66.25 66.276 66.306 66.338 66.375 66.415 66.46 66.509 66.563 66.621 66.685 66.754 66.829 66.91 66.997 67.09 67.19 67.296 67.41 67.53 67.657 67.792 67.933 68.081 68.235 68.395 68.559 68.726 68.893 69.057 69.212 69.349 69.455 69.508 69.483 69.354 69.11 68.764 68.342 67.871 67.369 66.851 66.323 65.791 65.259 64.73 64.203 63.682 63.166 62.655 62.152 61.654 61.163 60.68 60.203 59.734 59.271
66.435 66.437 66.44 66.444 66.45 66.456 66.464 66.473 66.484 66.497 66.511 66.528 66.547 66.568 66.592 66.619 66.649 66.682 66.719 66.759 66.803 66.852 66.904 66.961 67.023 67.09 67.162 67.24 67.323 67.412 67.506 67.607 67.714 67.828 67.947 68.073 68.204 68.341 68.484 68.631 68.781 68.933 69.085 69.233 69.374 69.501 69.604 69.672 69.689 69.635 69.497 69.268 68.956 68.576 68.146 67.682 67.195 66.694 66.186 65.673 65.16 64.648 64.14 63.635 63.134 62.639 62.15 61.667 61.19 60.72 60.257 59.8
66.746 66.751 66.757 66.764 66.772 66.782 66.793 66.806 66.82 66.836 66.854 66.874 66.896 66.921 66.949 66.979 67.013 67.049 67.089 67.133 67.18 67.232 67.287 67.347 67.411 67.481 67.555 67.634 67.719 67.808 67.904 68.005 68.111 68.223 68.34 68.462 68.59 68.721 68.856 68.994 69.133 69.271 69.406 69.535 69.652 69.751 69.825 69.862 69.85 69.777 69.633 69.416 69.129 68.782 68.388 67.958 67.502 67.029 66.545 66.054 65.56 65.065 64.57 64.078 63.59 63.106 62.626 62.152 61.683 61.221 60.765 60.315
67.052 67.059 67.068 67.078 67.089 67.102 67.116 67.132 67.149 67.168 67.189 67.212 67.238 67.266 67.297 67.33 67.367 67.406 67.449 67.496 67.546 67.6 67.658 67.72 67.786 67.857 67.932 68.013 68.098 68.188 68.283 68.383 68.487 68.597 68.71 68.828 68.95 69.074 69.201 69.328 69.455 69.578 69.696 69.805 69.899 69.974 70.022 70.033 70 69.913 69.766 69.558 69.29 68.97 68.606 68.206 67.78 67.335 66.875 66.407 65.932 65.455 64.977 64.499 64.024 63.551 63.083 62.619 62.16 61.706 61.258 60.817
67.352 67.363 67.374 67.387 67.401 67.416 67.433 67.451 67.471 67.493 67.517 67.543 67.572 67.603 67.636 67.672 67.711 67.754 67.799 67.848 67.9 67.956 68.016 68.079 68.147 68.219 68.295 68.376 68.461 68.55 68.644 68.742 68.844 68.95 69.059 69.172 69.287 69.403 69.52 69.637 69.75 69.859 69.96 70.05 70.124 70.176 70.202 70.193 70.144 70.047 69.899 69.698 69.446 69.147 68.808 68.436 68.037 67.617 67.181 66.735 66.281 65.822 65.36 64.898 64.437 63.978 63.521 63.068 62.62 62.176 61.737 61.304
67.648 67.66 67.674 67.689 67.706 67.724 67.743 67.764 67.787 67.811 67.838 67.867 67.898 67.931 67.967 68.005 68.047 68.091 68.139 68.189 68.243 68.301 68.362 68.427 68.495 68.568 68.644 68.724 68.808 68.896 68.988 69.083 69.182 69.284 69.388 69.495 69.602 69.71 69.818 69.922 70.023 70.117 70.202 70.274 70.33 70.364 70.371 70.346 70.284 70.18 70.031 69.837 69.598 69.317 69 68.651 68.276 67.88 67.467 67.042 66.609 66.168 65.724 65.278 64.832 64.386 63.943 63.502 63.064 62.631 62.202 61.779
67.938 67.953 67.969 67.987 68.005 68.025 68.047 68.071 68.096 68.122 68.151 68.182 68.216 68.251 68.289 68.33 68.373 68.419 68.468 68.52 68.576 68.634 68.696 68.762 68.83 68.903 68.979 69.058 69.141 69.227 69.316 69.408 69.503 69.6 69.699 69.799 69.899 69.998 70.095 70.189 70.277 70.357 70.427 70.483 70.522 70.54 70.532 70.494 70.422 70.313 70.165 69.976 69.748 69.483 69.184 68.856 68.502 68.128 67.737 67.333 66.919 66.497 66.071 65.641 65.21 64.779 64.348 63.92 63.494 63.072 62.654 62.24
68.223 68.24 68.258 68.278 68.299 68.321 68.345 68.37 68.398 68.427 68.458 68.491 68.526 68.563 68.603 68.645 68.69 68.738 68.788 68.841 68.898 68.957 69.019 69.085 69.153 69.225 69.3 69.378 69.459 69.543 69.629 69.718 69.808 69.9 69.993 70.086 70.178 70.268 70.355 70.438 70.514 70.581 70.637 70.679 70.704 70.708 70.687 70.639 70.56 70.447 70.299 70.116 69.897 69.645 69.363 69.053 68.719 68.365 67.994 67.609 67.214 66.811 66.402 65.988 65.572 65.156 64.739 64.324 63.91 63.5 63.093 62.69
68.503 68.522 68.542 68.564 68.586 68.611 68.637 68.664 68.693 68.724 68.757 68.791 68.828 68.867 68.909 68.952 68.998 69.047 69.099 69.153 69.209 69.269 69.331 69.397 69.465 69.535 69.609 69.685 69.764 69.845 69.928 70.012 70.098 70.184 70.271 70.357 70.441 70.523 70.6 70.672 70.737 70.792 70.836 70.865 70.877 70.869 70.839 70.782 70.697 70.582 70.435 70.256 70.046 69.806 69.538 69.244 68.928 68.592 68.24 67.874 67.497 67.111 66.719 66.322 65.921 65.519 65.116 64.714 64.313 63.915 63.519 63.127
68.777 68.798 68.82 68.844 68.868 68.894 68.922 68.951 68.982 69.014 69.049 69.085 69.123 69.164 69.206 69.251 69.298 69.348 69.4 69.454 69.511 69.571 69.633 69.697 69.764 69.834 69.906 69.98 70.056 70.134 70.213 70.293 70.374 70.455 70.535 70.614 70.69 70.763 70.832 70.894 70.948 70.992 71.024 71.042 71.044 71.026 70.987 70.924 70.834 70.717 70.572 70.398 70.196 69.966 69.71 69.431 69.131 68.812 68.477 68.129 67.769 67.4 67.024 66.643 66.257 65.87 65.481 65.092 64.704 64.318 63.934 63.553
69.047 69.069 69.093 69.118 69.144 69.172 69.201 69.232 69.264 69.298 69.334 69.371 69.411 69.452 69.496 69.541 69.589 69.639 69.691 69.746 69.803 69.862 69.924 69.987 70.053 70.121 70.191 70.263 70.336 70.41 70.486 70.561 70.637 70.713 70.786 70.858 70.927 70.992 71.051 71.104 71.149 71.183 71.205 71.213 71.206 71.179 71.133 71.064 70.972 70.854 70.71 70.541 70.345 70.125 69.881 69.615 69.33 69.026 68.707 68.375 68.032 67.679 67.319 66.953 66.582 66.209 65.834 65.459 65.084 64.71 64.338 63.968
69.311 69.335 69.36 69.387 69.414 69.443 69.474 69.506 69.54 69.575 69.612 69.65 69.691 69.733 69.777 69.824 69.872 69.922 69.975 70.029 70.086 70.144 70.205 70.267 70.332 70.398 70.465 70.534 70.605 70.675 70.747 70.818 70.889 70.958 71.026 71.091 71.153 71.21 71.261 71.305 71.341 71.366 71.379 71.379 71.363 71.33 71.278 71.205 71.11 70.992 70.85 70.685 70.496 70.284 70.051 69.797 69.524 69.235 68.931 68.614 68.286 67.949 67.604 67.253 66.897 66.538 66.177 65.815 65.453 65.091 64.731 64.373
69.57 69.595 69.622 69.65 69.679 69.709 69.741 69.774 69.809 69.845 69.883 69.922 69.964 70.007 70.051 70.098 70.147 70.197 70.249 70.303 70.359 70.417 70.476 70.538 70.6 70.664 70.73 70.796 70.863 70.93 70.997 71.064 71.129 71.194 71.255 71.314 71.369 71.418 71.462 71.498 71.525 71.542 71.548 71.54 71.517 71.478 71.421 71.345 71.248 71.13 70.991 70.83 70.647 70.443 70.219 69.977 69.716 69.441 69.15 68.848 68.534 68.212 67.881 67.544 67.203 66.858 66.51 66.161 65.812 65.462 65.114 64.768
69.824 69.85 69.878 69.907 69.938 69.969 70.002 70.036 70.072 70.109 70.147 70.188 70.229 70.273 70.318 70.365 70.413 70.464 70.515 70.569 70.624 70.681 70.739 70.799 70.859 70.921 70.984 71.047 71.111 71.174 71.237 71.3 71.36 71.419 71.475 71.527 71.575 71.618 71.655 71.683 71.703 71.713 71.712 71.698 71.669 71.625 71.564 71.485 71.387 71.27 71.133 70.976 70.799 70.602 70.387 70.155 69.906 69.642 69.365 69.076 68.776 68.468 68.151 67.828 67.501 67.169 66.834 66.498 66.161 65.824 65.488 65.154
70.073 70.101 70.129 70.16 70.191 70.223 70.257 70.292 70.329 70.366 70.406 70.446 70.488 70.532 70.577 70.624 70.673 70.722 70.774 70.827 70.881 70.936 70.993 71.051 71.11 71.169 71.229 71.289 71.35 71.409 71.468 71.526 71.582 71.635 71.686 71.732 71.774 71.811 71.841 71.863 71.876 71.88 71.872 71.852 71.819 71.77 71.706 71.625 71.527 71.41 71.276 71.122 70.951 70.761 70.555 70.332 70.094 69.842 69.577 69.3 69.013 68.718 68.415 68.105 67.791 67.472 67.151 66.827 66.502 66.178 65.853 65.53
70.316 70.345 70.375 70.406 70.439 70.472 70.506 70.542 70.579 70.618 70.657 70.698 70.741 70.785 70.83 70.877 70.925 70.974 71.025 71.076 71.13 71.184 71.239 71.295 71.351 71.408 71.466 71.523 71.58 71.636 71.691 71.744 71.795 71.844 71.889 71.93 71.966 71.997 72.02 72.037 72.044 72.042 72.029 72.004 71.966 71.915 71.848 71.766 71.667 71.552 71.42 71.27 71.104 70.921 70.722 70.508 70.28 70.039 69.785 69.52 69.246 68.963 68.672 68.376 68.074 67.768 67.459 67.148 66.835 66.522 66.21 65.898
70.555 70.585 70.616 70.648 70.681 70.715 70.75 70.786 70.824 70.863 70.903 70.944 70.987 71.03 71.076 71.122 71.169 71.218 71.268 71.319 71.371 71.423 71.477 71.531 71.585 71.64 71.694 71.748 71.802 71.854 71.905 71.954 72.001 72.045 72.085 72.121 72.152 72.177 72.195 72.206 72.208 72.201 72.183 72.154 72.113 72.058 71.989 71.906 71.808 71.694 71.564 71.419 71.257 71.081 70.889 70.684 70.465 70.233 69.99 69.737 69.474 69.203 68.925 68.64 68.351 68.057 67.76 67.461 67.161 66.859 66.558 66.258
