glyphosate_resistance_seau/res/bom_grid_data_1991_to_2020/rh1500h.asc
ncols         501
nrows         361
xllcorner     109.95
yllcorner     -45.05
cellsize      0.1
NODATA_value  -9999
[rows 128 to 159 of 361, columns 360 to 431 of 501]
34.041 34.238 34.698 35.174 35.564 35.987 36.404 36.811 37.244 37.66 38.06 38.363 39.048 39.602 40.135 40.637 41.311 41.952 42.512 43.32 44.192 44.889 45.621 46.589 47.799 48.938 49.744 51.049 51.98 53.297 53.608 53.996 56.302 57.135 59.46 60.702 61.922 63.151 64.383 65.61 66.815 67.954 68.901 69.498 69.838 70.077 70.278 70.463 70.639 70.811 70.98 71.148 71.315 71.482 71.649 71.817 71.986 72.156 72.327 72.5 72.674 72.849 73.027 73.206 73.387 73.569 73.753 73.939 74.126 74.314 74.504 74.696
33.793 34.043 34.406 34.876 35.262 35.64 36.041 36.439 36.824 37.252 37.59 38.032 38.579 39.123 39.658 40.224 40.804 41.35 41.831 42.819 43.695 44.373 45.319 45.836 47.267 48.148 49.398 50.443 51.577 52.703 53.219 53.511 55.837 56.86 58.733 60.023 61.228 62.434 63.635 64.815 65.951 66.993 67.867 68.518 68.973 69.308 69.578 69.813 70.027 70.228 70.421 70.609 70.793 70.975 71.155 71.335 71.515 71.695 71.876 72.058 72.241 72.425 72.611 72.798 72.987 73.177 73.368 73.561 73.756 73.952 74.149 74.347
33.571 33.867 34.201 34.524 34.932 35.295 35.68 36.027 36.42 36.83 37.189 37.611 38.031 38.617 39.135 39.708 40.308 40.909 41.564 42.315 43.124 44.008 44.704 45.743 46.639 47.616 48.637 49.833 50.987 52.074 53.027 53.928 55.068 56.283 57.509 59.292 60.474 61.65 62.812 63.942 65.014 65.992 66.834 67.515 68.045 68.462 68.802 69.094 69.353 69.591 69.814 70.027 70.233 70.433 70.63 70.825 71.018 71.21 71.403 71.596 71.789 71.983 72.178 72.375 72.572 72.771 72.971 73.173 73.375 73.579 73.784 73.99
33.236 33.563 33.95 34.281 34.62 34.962 35.307 35.567 35.982 36.414 36.809 37.164 37.539 38.115 38.62 39.154 39.716 40.332 40.986 41.486 42.48 43.371 44.312 45.15 46.122 47.115 48.16 49.197 50.282 51.428 52.434 53.251 54.129 55.109 56.703 58.188 59.672 60.816 61.939 62.508 64.007 64.986 65.813 66.515 67.096 67.576 67.979 68.326 68.632 68.91 69.167 69.408 69.638 69.86 70.076 70.288 70.496 70.703 70.909 71.114 71.319 71.524 71.73 71.937 72.144 72.353 72.562 72.773 72.984 73.196 73.41 73.624
33 33.27 33.62 33.787 34.204 34.632 34.941 35.18 35.59 36.007 36.362 36.699 37.101 37.583 38.078 38.589 39.146 39.746 40.377 40.937 41.833 42.716 43.64 44.597 45.559 46.361 47.53 48.477 49.617 50.744 51.813 52.304 53.68 54.722 55.672 57.647 58.834 59.947 61.035 62.055 62.768 63.987 64.807 65.526 66.145 66.541 67.13 67.527 67.878 68.196 68.487 68.758 69.015 69.26 69.496 69.726 69.952 70.174 70.395 70.613 70.831 71.049 71.267 71.485 71.703 71.922 72.142 72.362 72.583 72.804 73.027 73.25
32.749 32.984 33.322 33.569 33.915 34.307 34.613 34.925 35.264 35.602 35.917 36.296 36.722 37.101 37.542 37.989 38.564 39.104 39.787 40.318 41.096 42.018 42.843 43.951 44.918 45.87 46.837 47.909 48.926 50.008 51.016 52.071 52.935 53.348 55.644 56.805 57.97 59.055 60.114 61.134 61.946 62.662 63.818 64.552 65.201 65.63 66.269 66.709 67.102 67.457 67.782 68.083 68.367 68.635 68.894 69.143 69.387 69.626 69.862 70.096 70.328 70.559 70.789 71.019 71.249 71.48 71.71 71.941 72.172 72.403 72.635 72.868
32.495 32.744 33.014 33.206 33.557 33.977 34.282 34.588 34.877 35.19 35.5 35.855 36.231 36.616 36.96 37.441 37.916 38.525 39.149 39.798 40.457 41.274 42.333 43.247 44.261 45.225 46.17 47.205 48.246 49.277 50.381 51.343 52.107 53.232 54.144 55.953 57.082 58.149 59.104 60.182 61.098 61.95 62.74 63.594 64.268 64.869 65.253 65.884 66.313 66.703 67.059 67.389 67.699 67.991 68.271 68.542 68.804 69.061 69.313 69.563 69.809 70.054 70.298 70.541 70.784 71.026 71.268 71.51 71.752 71.994 72.236 72.478
32.263 32.503 32.802 33.086 33.384 33.694 33.98 34.193 34.493 34.768 35.103 35.45 35.759 35.995 36.5 36.917 37.347 37.87 38.473 38.974 39.821 40.801 41.69 42.402 43.564 44.52 45.513 46.471 47.491 48.571 49.565 50.53 51.259 52.24 52.769 55.076 56.112 57.234 57.689 59.233 60.173 60.944 61.628 61.623 63.324 63.979 64.534 65.057 65.519 65.939 66.324 66.681 67.015 67.331 67.633 67.923 68.205 68.48 68.749 69.015 69.277 69.537 69.795 70.052 70.308 70.563 70.817 71.071 71.324 71.577 71.83 72.082
31.996 32.246 32.523 32.699 33.092 33.425 33.683 33.896 33.936 34.358 34.692 35.048 35.299 35.482 35.845 36.342 36.775 37.289 37.889 38.468 39.172 40.127 41.029 41.83 42.874 43.825 44.78 45.737 46.727 47.752 48.866 49.845 50.77 51.373 51.839 53.998 55.264 56.284 57.216 56.771 59.224 60.03 60.779 60.425 62.273 63.101 63.696 64.235 64.724 65.17 65.581 65.962 66.319 66.657 66.98 67.291 67.592 67.885 68.172 68.454 68.733 69.008 69.281 69.553 69.822 70.09 70.357 70.623 70.888 71.153 71.417 71.68
31.776 32.032 32.226 32.379 32.822 33.159 33.409 33.546 33.575 33.775 34.199 34.66 34.823 35.172 35.345 35.796 36.266 36.854 37.404 38.015 38.51 39.184 40.337 41.242 42.173 43.099 44.063 45.041 46.002 46.717 47.817 48.986 50.065 51.025 51.741 53.036 54.309 55.314 56.189 56.847 58.04 59.167 59.817 60.474 61.455 62.187 62.645 63.317 63.928 64.4 64.833 65.235 65.614 65.973 66.316 66.646 66.966 67.278 67.583 67.883 68.178 68.469 68.758 69.043 69.327 69.609 69.889 70.168 70.446 70.722 70.998 71.272
31.574 31.734 31.93 32.186 32.597 32.927 33.128 33.349 33.371 33.716 34.022 34.289 34.438 34.703 34.944 35.382 35.787 36.328 36.915 37.542 38.155 38.76 39.486 40.502 41.44 42.399 43.317 44.285 45.195 46.048 46.881 47.968 49.157 50.251 50.874 52.153 53.1 54.292 55.154 56.214 56.81 58.12 59.01 59.65 60.252 61.175 61.155 62.458 63.144 63.631 64.082 64.503 64.901 65.279 65.641 65.991 66.33 66.66 66.984 67.301 67.613 67.921 68.225 68.526 68.825 69.121 69.415 69.707 69.997 70.286 70.574 70.86
31.404 31.577 31.753 31.946 32.379 32.681 32.922 33.066 33.29 33.282 33.685 33.974 34.149 34.297 34.593 34.985 35.424 35.944 36.443 37.067 37.645 38.423 38.94 39.706 40.718 41.578 42.614 43.607 44.522 45.398 46.367 47.341 48.155 49.391 50.345 50.631 52.09 53.286 54.272 54.432 56.317 56.86 58.196 58.667 59.745 60.467 59.464 61.374 62.361 62.863 63.329 63.766 64.181 64.577 64.958 65.327 65.685 66.034 66.375 66.71 67.04 67.364 67.685 68.002 68.315 68.626 68.934 69.24 69.544 69.845 70.145 70.443
31.282 31.411 31.602 31.819 32.189 32.488 32.69 32.913 33.083 33.227 33.404 33.632 33.876 34.041 34.307 34.672 35.135 35.448 36.121 36.645 37.253 37.925 38.625 39.251 40.186 41.002 41.975 42.874 43.821 44.679 45.633 46.603 47.569 48.511 49.488 50.222 51.355 52.213 53.216 54.45 55.32 56.167 57.117 58.047 58.99 59.647 60.393 60.782 61.587 62.096 62.572 63.024 63.455 63.868 64.268 64.655 65.032 65.4 65.76 66.113 66.46 66.802 67.139 67.471 67.8 68.126 68.449 68.768 69.085 69.4 69.712 70.022
31.193 31.247 31.426 31.769 32.06 32.309 32.49 32.713 32.909 33.094 33.203 33.22 33.63 33.67 34.1 34.457 34.872 35.283 35.784 36.299 36.825 37.393 38.119 38.783 39.515 40.429 41.284 42.158 43.064 44.008 44.912 45.794 46.712 47.504 48.571 49.581 50.091 51.1 52.408 53.54 54.509 55.474 56.38 57.313 57.768 58.946 59.374 59.318 60.811 61.324 61.81 62.275 62.721 63.153 63.57 63.977 64.373 64.759 65.138 65.509 65.874 66.233 66.587 66.936 67.281 67.622 67.959 68.293 68.624 68.952 69.277 69.599
31.109 31.197 31.322 31.699 31.922 32.152 32.299 32.537 32.724 32.905 33.068 33.08 33.363 33.429 33.862 34.092 34.423 34.854 35.396 35.886 36.371 36.903 37.596 38.245 38.996 39.751 40.617 41.426 42.336 43.231 44.123 45.004 45.817 46.617 47.587 48.688 49.454 50.17 51.351 52.563 53.475 54.379 55.322 56.49 57.402 57.996 58.784 59.213 59.887 60.543 60.804 61.517 61.981 62.43 62.867 63.293 63.708 64.114 64.512 64.902 65.285 65.661 66.032 66.398 66.758 67.115 67.467 67.815 68.16 68.501 68.839 69.174
31.07 31.246 31.272 31.596 31.784 32.022 32.166 32.386 32.556 32.72 32.837 32.9 33.145 33.342 33.694 33.971 34.206 34.624 34.997 35.368 35.892 36.409 37.17 37.74 38.38 39.13 39.911 40.852 41.7 42.531 43.341 44.191 45.03 45.918 46.629 47.809 48.641 49.178 50.308 51.624 52.355 52.735 54.456 55.551 56.397 57.443 56.367 58.648 59.222 59.746 60.255 60.75 61.232 61.701 62.158 62.604 63.04 63.465 63.882 64.291 64.692 65.087 65.475 65.857 66.233 66.605 66.972 67.335 67.694 68.049 68.4 68.747
31 31.126 31.191 31.462 31.699 31.893 32.054 32.244 32.414 32.562 32.684 32.798 32.72 32.971 33.336 33.574 34.014 34.359 34.709 35.069 35.417 35.972 36.494 37.173 37.899 38.509 39.337 40.245 41.012 41.84 42.591 43.394 44.211 45.079 45.978 46.914 47.794 48.424 49.424 50.529 51.586 52.378 52.921 54.113 55.705 56.622 57.14 56.664 58.382 58.926 59.456 59.973 60.477 60.968 61.446 61.913 62.369 62.815 63.251 63.679 64.099 64.511 64.916 65.315 65.708 66.095 66.477 66.854 67.227 67.596 67.96 68.32
30.969 31.138 31.204 31.402 31.61 31.783 31.947 32.134 32.285 32.434 32.547 32.638 32.604 32.775 33.139 33.275 33.806 34.103 34.39 34.778 35.073 35.464 35.964 36.63 37.356 38.142 38.883 39.621 40.368 41.106 41.852 42.677 43.524 44.244 45.216 46.068 46.91 47.701 48.383 49.379 50.614 51.044 52.233 53.616 54.579 55.476 56.262 56.909 57.328 58.084 58.551 59.066 59.716 60.231 60.732 61.221 61.698 62.164 62.62 63.067 63.505 63.935 64.357 64.773 65.182 65.585 65.982 66.374 66.761 67.143 67.521 67.894
30.909 31.088 31.208 31.317 31.525 31.682 31.858 32.054 32.175 32.338 32.43 32.501 32.408 32.661 33.02 33.48 33.507 33.915 34.077 34.44 34.777 35.117 35.498 36.184 36.916 37.654 38.309 38.94 39.739 40.477 41.046 41.921 42.703 43.489 44.286 45.04 45.763 46.751 47.694 48.621 49.526 49.91 51.412 51.779 52.962 53.315 55.238 55.941 56.612 57.23 57.824 58.361 58.912 59.494 60.019 60.531 61.029 61.516 61.992 62.457 62.914 63.361 63.801 64.233 64.658 65.076 65.488 65.895 66.296 66.691 67.082 67.468
30.816 31.048 31.204 31.269 31.445 31.64 31.846 31.996 32.08 32.25 32.354 32.403 32.328 32.898 33.083 33.364 33.511 33.808 34.049 34.307 34.576 34.895 35.314 35.909 36.56 37.246 37.846 38.394 39.164 39.838 40.223 41.124 42 42.764 43.384 44.096 44.821 45.764 46.613 47.352 48.375 49.395 50.269 50.888 51.998 52.563 54.11 54.929 55.702 56.377 56.907 57.612 57.973 58.762 59.311 59.845 60.365 60.872 61.367 61.851 62.326 62.791 63.247 63.695 64.136 64.57 64.997 65.418 65.833 66.242 66.646 67.045
30.703 31.011 31.212 31.287 31.391 31.633 31.769 31.92 32.04 32.159 32.314 32.372 32.379 32.596 33.003 33.217 33.35 33.516 33.853 34.092 34.414 34.712 35.152 35.69 36.306 36.907 37.441 37.984 38.518 39.221 39.587 40.215 41.022 41.934 42.646 43.382 44.103 44.798 45.591 46.348 47.205 48.197 49.078 50.088 50.904 51.694 51.97 53.422 54.712 55.452 55.662 55.849 57.447 58.038 58.611 59.166 59.707 60.234 60.748 61.251 61.743 62.225 62.697 63.162 63.618 64.067 64.509 64.944 65.372 65.795 66.212 66.624
30.753 30.962 31.192 31.348 31.419 31.64 31.759 31.861 31.993 32.094 32.251 32.27 32.382 32.498 32.942 33.089 33.311 33.55 33.777 33.927 34.185 34.592 35.024 35.503 36.041 36.605 37.121 37.595 38.111 38.626 39.18 39.682 40.405 40.962 41.901 42.49 43.022 43.66 44.573 45.373 46.181 47.038 48.354 49.296 49.974 51.015 51.769 52.864 53.761 54.44 55.274 55.854 56.697 57.324 57.922 58.498 59.059 59.605 60.137 60.657 61.166 61.665 62.154 62.633 63.105 63.568 64.025 64.474 64.916 65.352 65.782 66.206
30.814 30.886 31.159 31.383 31.475 31.486 31.781 31.839 31.993 32.033 32.231 32.323 32.389 32.63 32.83 33.073 33.044 33.262 33.673 33.815 34 34.319 34.799 35.321 35.815 36.336 36.798 37.269 37.777 38.248 38.732 39.196 39.821 40.551 41.03 41.519 42.127 42.729 43.539 44.415 45.342 46.23 47.492 48.49 49.37 50.279 51.089 51.813 52.719 53.663 54.568 55.284 55.868 56.603 57.247 57.816 58.41 58.986 59.536 60.073 60.598 61.113 61.617 62.112 62.598 63.076 63.546 64.009 64.465 64.914 65.356 65.793
30.911 31.003 31.159 31.332 31.461 31.662 31.798 31.837 31.966 31.992 32.047 32.202 32.422 32.586 32.763 32.952 33.024 33.289 33.554 33.682 33.843 34.31 34.689 35.127 35.618 36.088 36.547 37.001 37.454 37.876 38.254 38.766 39.344 39.951 40.555 40.907 41.334 41.872 42.527 43.335 44.505 45.591 46.544 47.634 48.425 49.271 50.006 50.995 52.199 53.042 53.791 54.46 54.827 55.922 56.526 57.182 57.762 58.364 58.946 59.499 60.04 60.569 61.088 61.597 62.098 62.59 63.073 63.549 64.018 64.48 64.936 65.384
30.963 31.033 31.257 31.257 31.51 31.673 31.817 31.901 31.877 31.943 32.01 32.239 32.38 32.548 32.769 32.892 33.092 33.325 33.504 33.701 33.843 34.025 34.354 34.841 35.417 35.856 36.306 36.725 37.154 37.538 37.873 38.36 39.024 39.448 39.898 40.452 40.776 41.212 41.637 42.655 43.676 44.833 45.813 46.822 47.833 48.707 49.571 50.175 50.658 52.118 52.671 53.407 54.463 54.883 55.066 56.463 56.793 57.724 58.226 58.937 59.492 60.035 60.568 61.092 61.606 62.111 62.608 63.097 63.578 64.053 64.52 64.981
31.029 31.187 31.282 31.413 31.466 31.635 31.802 31.838 31.999 32.016 32.17 32.3 32.435 32.602 32.734 32.925 32.96 33.153 33.201 33.636 33.905 34.16 34.397 34.825 35.236 35.567 36.086 36.467 36.883 37.241 37.56 38.056 38.646 39.117 39.541 40.012 40.393 40.812 41.433 42.282 43.24 44.19 45.164 46.224 47.225 48.087 48.619 49.639 50.274 51.027 51.924 52.975 53.881 54.592 54.711 55.842 56.436 56.595 57.778 58.368 58.956 59.513 60.059 60.595 61.122 61.64 62.15 62.652 63.146 63.632 64.112 64.584
31.147 31.252 31.369 31.507 31.675 31.642 31.734 31.919 31.912 32.101 32.211 32.243 32.484 32.593 32.706 32.765 32.882 33.147 33.161 33.563 33.817 33.941 34.136 34.746 35.089 35.487 35.899 36.268 36.597 36.982 37.362 37.758 38.286 38.755 39.223 39.66 40.102 40.649 41.278 42.038 42.896 43.82 44.686 45.533 46.592 47.528 48.373 49.159 49.769 50.272 50.876 52.312 53.167 53.928 54.213 55.22 55.881 56.237 57.216 57.832 58.433 59.002 59.56 60.109 60.648 61.178 61.7 62.214 62.72 63.219 63.71 64.194
31.232 31.498 31.591 31.471 31.854 31.904 31.851 31.961 32.096 32.214 32.268 32.381 32.461 32.569 32.686 32.734 32.802 33.052 33.244 33.478 33.578 33.914 34 34.508 34.975 35.33 35.727 36.047 36.423 36.765 37.146 37.452 38.026 38.529 38.921 39.425 39.935 40.484 41.112 41.826 42.601 43.456 44.279 45.019 46.041 46.813 47.819 48.31 49.13 49.873 50.378 51.042 52.097 52.59 53.997 54.331 55.375 56.048 56.653 57.326 57.916 58.503 59.073 59.633 60.184 60.726 61.26 61.785 62.303 62.813 63.316 63.811
31.438 31.63 31.824 31.77 31.895 31.933 31.872 31.884 31.873 32.065 32.278 32.325 32.432 32.547 32.63 32.717 32.805 32.75 32.928 33.096 33.365 33.677 34.207 34.46 34.79 35.229 35.517 35.933 36.27 36.56 36.848 37.322 37.834 38.335 38.788 39.207 39.729 40.312 40.754 41.635 42.379 43.026 43.846 44.601 45.426 46.302 47.182 47.884 48.617 49.302 50.285 50.973 51.52 52.646 53.279 53.429 54.711 55.418 56.178 56.781 57.384 58.012 58.598 59.169 59.731 60.284 60.829 61.366 61.894 62.416 62.929 63.436
31.508 31.761 31.933 32.035 32.032 31.933 31.995 31.923 31.954 31.832 32.111 32.31 32.382 32.276 32.519 32.659 32.617 32.634 32.866 33.019 33.305 33.77 33.846 34.361 34.792 35.1 35.291 35.782 36.106 36.397 36.65 37.169 37.733 38.169 38.571 39.027 39.523 40.104 40.751 41.365 42.127 42.863 43.621 44.316 44.967 45.915 46.637 47.437 48.169 48.743 49.691 50.491 51.177 51.814 52.646 53.098 53.644 54.944 55.566 56.123 56.712 57.517 58.126 58.717 59.289 59.852 60.408 60.955 61.495 62.027 62.552 63.069
31.513 31.791 32.086 32.12 32.046 32.068 31.981 31.922 31.997 31.979 31.977 32.118 32.356 32.332 32.41 32.228 32.587 32.646 32.796 32.959 33.271 33.462 33.84 34.282 34.593 34.968 35.197 35.654 35.957 36.185 36.491 37.123 37.584 37.824 38.283 38.798 39.343 39.956 40.568 41.226 41.932 42.543 43.296 44.015 44.772 45.477 46.177 47.027 47.733 48.368 49.193 50.131 50.689 51.41 51.946 52.773 53.616 54.47 55.036 55.724 56.127 57.047 57.653 58.259 58.844 59.432 59.997 60.555 61.105 61.648 62.183 62.71
31.437 31.763 32.135 32.293 32.216 32.076 32.039 32.014 31.983 31.925 31.964 32.125 32.123 32.058 32.219 32.375 32.401 32.575 32.765 32.907 33.148 33.393 33.661 34.025 34.409 34.794 35.202 35.386 35.856 36.05 36.347 36.823 37.407 37.801 38.135 38.58 39.104 39.785 40.37 40.917 41.744 42.41 43.068 43.598 44.31 45.098 45.758 46.651 47.408 47.966 48.765 49.716 50.341 50.834 51.657 52.277 53.105 53.919 54.518 55.307 55.973 56.582 57.178 57.815 58.406 58.99 59.597 60.165 60.725 61.278 61.823 62.361
